pop	chromosome	window_pos_1	window_pos_2	avg_pi	no_sites	count_diffs	count_comparisons	count_missing
NYC	jlSCF_14	451246	636782	0.2542462823501935	2009	4140987	16287306	558159
E_Asia	jlSCF_14	451246	636782	0.0205230000832952	2009	91903	4478049	98453
MENA	jlSCF_14	451246	636782	0.1093218349093858	2009	25607	234235	6845
N_Europe	jlSCF_14	451246	636782	0.2339422078773738	2009	565432	2416973	457906
E_Asia	jlSCF_14	636782	720944	0.0841531597117641	1178	222403	2642836	40648
MENA	jlSCF_14	636782	720944	0.06697998919913	1178	9178	137026	4334
N_Europe	jlSCF_14	636782	720944	0.1803493755196938	1178	255284	1415497	270221
NYC	jlSCF_14	636782	720944	0.1996289346823967	1178	1907923	9557347	320183
NYC	jlSCF_14	720944	835615	0.1615644934051696	483	638974	3954916	95039
N_Europe	jlSCF_14	720944	835615	0.1756961901484355	483	100575	572437	118736
MENA	jlSCF_14	720944	835615	0.0718754888158923	483	3676	51144	6816
E_Asia	jlSCF_14	720944	835615	0.1231197106823564	483	134134	1089460	10814
N_Europe	jlSCF_14	1291022	1344804	0.0995757177649219	831	103687	1041288	147873
MENA	jlSCF_14	1291022	1344804	0.0060869110495215	831	582	95615	4105
NYC	jlSCF_14	1291022	1344804	0.1063645283535408	831	739747	6954828	13107
E_Asia	jlSCF_14	1291022	1344804	0.0220252004254174	831	40031	1817509	75509
NYC	jlSCF_14	1702092	1840619	0.2160864884137078	1701	3069149	14203336	59549
N_Europe	jlSCF_14	1702092	1840619	0.2528228231354742	1701	509954	2017041	417090
MENA	jlSCF_14	1702092	1840619	0.0156039938973731	1701	3099	198603	5517
E_Asia	jlSCF_14	1702092	1840619	0.0223180651968884	1701	84456	3784199	90679
N_Europe	jlSCF_14	1840619	1950897	0.2377978344175247	1290	373632	1571217	274773
E_Asia	jlSCF_14	1840619	1950897	0.0250857690912392	1290	71431	2847471	91149
MENA	jlSCF_14	1840619	1950897	0.0212101723075274	1290	3166	149268	5532
NYC	jlSCF_14	1840619	1950897	0.1640858454574678	1290	1771701	10797403	19247
NYC	jlSCF_14	1950897	1987762	0.1577488535013264	508	670485	4250332	9248
N_Europe	jlSCF_14	1950897	1987762	0.2580086055003702	508	161662	626576	100372
MENA	jlSCF_14	1950897	1987762	0.0631552205944618	508	3729	59045	1915
E_Asia	jlSCF_14	1950897	1987762	0.0194231748612885	508	21739	1119230	37994
NYC	jlSCF_14	1987762	2034633	0.2078452765465084	597	1038999	4998906	6939
N_Europe	jlSCF_14	1987762	2034633	0.2817802054798266	597	206138	731556	122751
MENA	jlSCF_14	1987762	2034633	0.0158774048956544	597	1091	68714	2926
E_Asia	jlSCF_14	1987762	2034633	0.0249343902328888	597	32579	1306589	53377
MENA	jlSCF_14	2267106	2379257	0.0130435064472003	1338	2012	154253	6307
E_Asia	jlSCF_14	2267106	2379257	0.0142194658905655	1338	41876	2944977	102987
NYC	jlSCF_14	2267106	2379257	0.0125491129535256	1338	140658	11208601	10529
N_Europe	jlSCF_14	2267106	2379257	0.2610037258474001	1338	430961	1651168	263510
NYC	jlSCF_14	2379257	2409662	0.1422716404494382	332	395693	2781250	2570
E_Asia	jlSCF_14	2379257	2409662	0.016620816297768	332	12029	723731	32565
MENA	jlSCF_14	2379257	2409662	0.0159894459102902	332	606	37900	1940
N_Europe	jlSCF_14	2379257	2409662	0.3358982268672186	332	136111	405215	69877
MENA	jlSCF_14	2409662	2431818	0.0176152267214032	233	472	26795	1165
N_Europe	jlSCF_14	2409662	2431818	0.2974451266850166	233	84290	283380	50043
NYC	jlSCF_14	2409662	2431818	0.1430119004325518	233	278815	1949593	4112
E_Asia	jlSCF_14	2409662	2431818	0.0202462369636101	233	10388	513083	17691
NYC	jlSCF_14	2431818	2482333	0.18814637523165	481	757479	4026009	7176
E_Asia	jlSCF_14	2431818	2482333	0.025190687815302	481	26335	1045426	50292
MENA	jlSCF_14	2431818	2482333	0.018769181642392	481	1058	56369	1351
N_Europe	jlSCF_14	2431818	2482333	0.3092019497573163	481	179074	579149	109162
E_Asia	jlSCF_14	2482333	2492534	0.0187004627639903	89	3742	200102	2640
MENA	jlSCF_14	2482333	2492534	0.0042832667047401	89	45	10506	174
N_Europe	jlSCF_14	2482333	2492534	0.2264837392729191	89	24465	108021	19338
NYC	jlSCF_14	2482333	2492534	0.1409722948809782	89	105094	745494	771
E_Asia	jlSCF_14	3126389	3174865	0.0865198633622111	548	104403	1206694	41650
NYC	jlSCF_14	3126389	3174865	0.0409041727225883	548	187660	4587796	7184
N_Europe	jlSCF_14	3126389	3174865	0.0701524382021461	548	46821	667418	116770
MENA	jlSCF_14	3126389	3174865	0.1377204138992259	548	8771	63687	2073
E_Asia	jlSCF_14	3633056	3648702	0.0280284004117938	298	18459	658582	20262
MENA	jlSCF_14	3633056	3648702	0.0387482235563676	298	1336	34479	1281
N_Europe	jlSCF_14	3633056	3648702	0.0476825883186307	298	17367	364221	62217
NYC	jlSCF_14	3633056	3648702	0.0066753698344994	298	16644	2493345	5385
N_Europe	jlSCF_14	6146841	6191605	0.1603323070560588	984	189191	1179993	228111
NYC	jlSCF_14	6146841	6191605	0.1389361482044573	984	1143037	8227067	23773
E_Asia	jlSCF_14	6146841	6191605	0.1566233836278313	984	342668	2187847	53705
MENA	jlSCF_14	6146841	6191605	0.1562118496584326	984	18042	115497	2583
NYC	jlSCF_14	6191605	6287618	0.1471827142685071	1242	1526201	10369431	44739
N_Europe	jlSCF_14	6191605	6287618	0.1977656114211489	1242	299022	1512002	265300
MENA	jlSCF_14	6191605	6287618	0.0898875624170955	1242	12943	143991	5049
E_Asia	jlSCF_14	6191605	6287618	0.0582258989210007	1242	158435	2721040	108236
NYC	jlSCF_14	6287618	6330770	0.1700458196402121	329	467240	2747730	10935
MENA	jlSCF_14	6287618	6330770	0.0278782438818342	329	1056	37879	1601
N_Europe	jlSCF_14	6287618	6330770	0.2530827536917548	329	100568	397372	73427
E_Asia	jlSCF_14	6287618	6330770	0.0170379052131906	329	12182	714994	34468
E_Asia	jlSCF_14	6330770	6332865	0.0145961830335518	28	904	61934	1850
MENA	jlSCF_14	6330770	6332865	0.0261275272161741	28	84	3215	145
N_Europe	jlSCF_14	6330770	6332865	0.1934080343306711	28	6490	33556	6512
NYC	jlSCF_14	6330770	6332865	0.1328648096089956	28	31194	234780	0
N_Europe	jlSCF_14	6332865	6565285	0.2087256532798211	2808	711456	3408570	609678
MENA	jlSCF_14	6332865	6565285	0.0208865022524053	2808	6760	323654	13306
E_Asia	jlSCF_14	6332865	6565285	0.0956390585008696	2808	590027	6169310	227314
NYC	jlSCF_14	6332865	6565285	0.1548292738626336	2808	3636693	23488407	56673
MENA	jlSCF_14	6565285	6574512	0.007741859228178	153	131	16921	1439
N_Europe	jlSCF_14	6565285	6574512	0.1793234577855745	153	32915	183551	35392
E_Asia	jlSCF_14	6565285	6574512	0.0186813936046908	153	6302	337341	11193
NYC	jlSCF_14	6565285	6574512	0.0479814511303217	153	61420	1280078	2827
NYC	jlSCF_14	6574512	6592441	0.125228513191916	328	343194	2740542	9738
E_Asia	jlSCF_14	6574512	6592441	0.011184515288982	328	8040	718851	28333
MENA	jlSCF_14	6574512	6592441	0.029966410113994	328	1133	37809	1551
N_Europe	jlSCF_14	6574512	6592441	0.2375605448912616	328	93090	391858	77510
N_Europe	jlSCF_14	6592441	6692589	0.2093315024487134	1010	257784	1231463	213847
MENA	jlSCF_14	6592441	6692589	0.0290184576134401	1010	3344	115237	5963
E_Asia	jlSCF_14	6592441	6692589	0.0226513111490704	1010	49873	2201771	99009
NYC	jlSCF_14	6592441	6692589	0.0261670331530492	1010	221363	8459614	9236
NYC	jlSCF_14	6692589	6782248	0.1516263210451581	1072	1360200	8970738	17982
N_Europe	jlSCF_14	6692589	6782248	0.2493092772826841	1072	324936	1303345	230687
E_Asia	jlSCF_14	6692589	6782248	0.036524586486863	1072	85978	2353976	88040
MENA	jlSCF_14	6692589	6782248	0.0293906172999087	1072	3638	123781	4859
MENA	jlSCF_14	7285779	7318618	0.0179950812289999	495	1039	57738	1662
E_Asia	jlSCF_14	7285779	7318618	0.0144192315057184	495	15738	1091459	36151
N_Europe	jlSCF_14	7285779	7318618	0.1588486283545948	495	94859	597166	111179
NYC	jlSCF_14	7285779	7318618	0.2066215005180397	495	856536	4145435	5140
N_Europe	jlSCF_14	7318618	7406525	0.1351006440898376	1446	233960	1731746	337480
NYC	jlSCF_14	7318618	7406525	0.1552954288123726	1446	1879446	12102391	22319
MENA	jlSCF_14	7318618	7406525	0.0186640939517377	1446	3134	167916	5604
E_Asia	jlSCF_14	7318618	7406525	0.0155441050100714	1446	49419	3179276	114712
E_Asia	jlSCF_14	7451657	7516477	0.01726308166542	960	36234	2098930	87950
NYC	jlSCF_14	7451657	7516477	0.1920639071427352	960	1541653	8026771	22829
N_Europe	jlSCF_14	7451657	7516477	0.2253360696024074	960	261329	1159730	214030
MENA	jlSCF_14	7451657	7516477	0.0210076088424654	960	2333	111055	4145
E_Asia	jlSCF_14	10266079	10291904	0.0293039130884911	537	35098	1197724	25562
MENA	jlSCF_14	10266079	10291904	0.0474995927675517	537	2916	61390	3050
N_Europe	jlSCF_14	10266079	10291904	0.1206944850910126	537	77121	638977	129470
NYC	jlSCF_14	10266079	10291904	0.1631015916661856	537	726149	4452127	50618
MENA	jlSCF_14	10710210	10817897	0.0551081916537867	1151	7131	129400	8720
N_Europe	jlSCF_14	10710210	10817897	0.0905933812396356	1151	128163	1414706	232375
NYC	jlSCF_14	10710210	10817897	0.1057788762527191	1151	1007985	9529171	121964
E_Asia	jlSCF_14	10710210	10817897	0.0287805706915261	1151	74527	2589490	32488
NYC	jlSCF_14	18725443	18774186	0.2462895975175894	168	346693	1407664	1016
N_Europe	jlSCF_14	18725443	18774186	0.252897714720538	168	51514	203695	36713
MENA	jlSCF_14	18725443	18774186	0.0276024002087138	168	529	19165	995
E_Asia	jlSCF_14	18725443	18774186	0.0525692429724766	168	19352	368124	14580
E_Asia	jlSCF_14	18774187	18781471	0.0280130961900028	84	5185	185092	6260
MENA	jlSCF_14	18774187	18781471	0.01856	84	174	9375	705
N_Europe	jlSCF_14	18774187	18781471	0.3257581709616593	84	33170	101824	18380
NYC	jlSCF_14	18774187	18781471	0.1892868407816704	84	133225	703826	514
NYC	jlSCF_14	18781471	18986555	0.1448949189073743	1852	2246951	15507452	21568
N_Europe	jlSCF_14	18781471	18986555	0.2926968859310346	1852	649502	2219026	431186
MENA	jlSCF_14	18781471	18986555	0.0422544415710511	1852	9052	214226	8014
E_Asia	jlSCF_14	18781471	18986555	0.0263214998537324	1852	106623	4050795	168061
NYC	jlSCF_14	19315465	19364476	0.1038155456462353	844	731380	7044995	31945
N_Europe	jlSCF_14	19315465	19364476	0.0596242663494088	844	61593	1033019	174745
E_Asia	jlSCF_14	19315465	19364476	0.0320299188632875	844	60174	1878681	43951
MENA	jlSCF_14	19315465	19364476	0.2737574040690188	844	25512	93192	8088
N_Europe	jlSCF_14	20524385	20568044	0.2265680427267122	603	165742	731533	131360
E_Asia	jlSCF_14	20524385	20568044	0.0709857679881082	603	92453	1302416	71218
MENA	jlSCF_14	20524385	20568044	0.1668740327132582	603	10998	65906	6454
NYC	jlSCF_14	20524385	20568044	0.0897788546478677	603	453682	5053328	2827
E_Asia	jlSCF_14	20568044	20585928	0.0964191614954491	418	89218	925314	26890
MENA	jlSCF_14	20568044	20585928	0.1590899672620281	418	7678	48262	1898
N_Europe	jlSCF_14	20568044	20585928	0.1635242807519533	418	82524	504659	93499
NYC	jlSCF_14	20568044	20585928	0.0647550109287475	418	226313	3494911	10019
MENA	jlSCF_14	20585928	20617421	0.1944325347443713	824	18593	95627	3253
NYC	jlSCF_14	20585928	20617421	0.0713744564102906	824	492153	6895366	13874
E_Asia	jlSCF_14	20585928	20617421	0.1636219421607262	824	298908	1826821	50251
N_Europe	jlSCF_14	20585928	20617421	0.1647823729073735	824	163168	990203	188941
NYC	jlSCF_14	21005168	21094027	0.101518889353068	740	628173	6187745	17155
N_Europe	jlSCF_14	21005168	21094027	0.2142349647306451	740	192979	900782	158158
MENA	jlSCF_14	21005168	21094027	0.0731284549798557	740	6244	85384	3416
E_Asia	jlSCF_14	21005168	21094027	0.0359772218200797	740	57903	1609435	76285
E_Asia	jlSCF_14	21094027	21115245	0.125832942116216	129	35917	285434	8428
NYC	jlSCF_14	21094027	21115245	0.1085826401144339	129	115610	1064719	16946
N_Europe	jlSCF_14	21094027	21115245	0.2104293512132647	129	30725	146011	38588
MENA	jlSCF_14	21094027	21115245	0.093915533285612	129	1312	13970	1510
N_Europe	jlSCF_14	21229857	21276823	0.1731853897120334	171	33745	194849	49852
NYC	jlSCF_14	21229857	21276823	0.1839958302970005	171	263349	1431277	2558
E_Asia	jlSCF_14	21229857	21276823	0.1731388651877133	171	64934	375040	14498
MENA	jlSCF_14	21229857	21276823	0.1903190319031903	171	3806	19998	522
MENA	jlSCF_14	24479752	26955221	0.1861249397783844	62	1159	6227	1213
N_Europe	jlSCF_14	24479752	26955221	0.094710947109471	62	7161	75609	13113
NYC	jlSCF_14	24479752	26955221	0.0682045303131245	62	35217	516344	3526
E_Asia	jlSCF_14	24479752	26955221	0.0201596487146679	62	2773	137552	3684
NYC	jlSCF_13	0	36461	0.0255646450670577	265	56779	2220997	1028
N_Europe	jlSCF_13	0	36461	0.0633644328883256	265	20300	320369	58846
MENA	jlSCF_13	0	36461	0.1012497650817515	265	2155	21284	10516
E_Asia	jlSCF_13	0	36461	0.1027244634991641	265	61266	596411	7259
N_Europe	jlSCF_13	3030752	3285963	0.0896357594162604	3457	375594	4190225	756742
NYC	jlSCF_13	3030752	3285963	0.0071543150254671	3457	207154	28955113	31832
MENA	jlSCF_13	3030752	3285963	0.0538386077465658	3457	21349	396537	18303
E_Asia	jlSCF_13	3030752	3285963	0.1239562878007819	3457	939593	7580035	295011
NYC	jlSCF_13	4126735	4235620	0.0460950710278234	3463	1333498	28929297	107958
N_Europe	jlSCF_13	4126735	4235620	0.0852865640477749	3463	346131	4058447	897106
MENA	jlSCF_13	4126735	4235620	0.0447626146957711	3463	18255	407818	7742
E_Asia	jlSCF_13	4126735	4235620	0.0640905652653223	3463	493463	7699464	189250
NYC	jlSCF_13	5970657	6008238	0.0619376514709737	336	173658	2803755	13605
N_Europe	jlSCF_13	5970657	6008238	0.1647486356850637	336	66325	402583	78233
MENA	jlSCF_13	5970657	6008238	0.126793045770186	336	5003	39458	862
E_Asia	jlSCF_13	5970657	6008238	0.1564922428529958	336	116444	744088	21320
NYC	jlSCF_13	6008238	6215686	0.0080418167398872	2635	177403	22060065	34410
N_Europe	jlSCF_13	6008238	6215686	0.0766842339646841	2635	248480	3240301	530384
MENA	jlSCF_13	6008238	6215686	0.0922854422365248	2635	28204	305617	10583
E_Asia	jlSCF_13	6008238	6215686	0.0710726152582687	2635	407092	5727832	274698
MENA	jlSCF_13	6358308	6513325	0.1793574108818011	1894	38239	213200	14080
E_Asia	jlSCF_13	6358308	6513325	0.0598315059066323	1894	248574	4154567	159965
N_Europe	jlSCF_13	6358308	6513325	0.1777170884345264	1894	410744	2311224	399090
NYC	jlSCF_13	6358308	6513325	0.1059265796515093	1894	1678445	15845362	35828
NYC	jlSCF_13	6635701	6735031	0.1179790436886691	586	568955	4822509	91101
N_Europe	jlSCF_13	6635701	6735031	0.1441078135904855	586	100558	697797	140769
MENA	jlSCF_13	6635701	6735031	0.1372136064841406	586	8600	62676	7644
E_Asia	jlSCF_13	6635701	6735031	0.0497503818466305	586	64037	1287166	47742
MENA	jlSCF_13	6824432	6837949	0.1892755681818181	408	8528	45056	3904
E_Asia	jlSCF_13	6824432	6837949	0.0383448621364991	408	34596	902233	27191
N_Europe	jlSCF_13	6824432	6837949	0.1823591966951613	408	89170	488980	94868
NYC	jlSCF_13	6824432	6837949	0.12990779627552	408	442669	3407563	13517
NYC	jlSCF_13	6837949	6903915	0.15685571265224	614	802090	5113553	34837
N_Europe	jlSCF_13	6837949	6903915	0.169062517835925	614	130333	770916	107718
E_Asia	jlSCF_13	6837949	6903915	0.0957058948056904	614	126133	1317923	80769
MENA	jlSCF_13	6837949	6903915	0.1956069398042318	614	13349	68244	5436
MENA	jlSCF_13	6903915	6956401	0.210301493689026	327	7631	36286	2954
NYC	jlSCF_13	6903915	6956401	0.0506377687731991	327	138427	2733671	8224
N_Europe	jlSCF_13	6903915	6956401	0.1140247126083481	327	46371	406675	61262
E_Asia	jlSCF_13	6903915	6956401	0.1201044233078931	327	81800	681074	63832
E_Asia	jlSCF_13	8808489	8857467	0.0285702829072471	803	50588	1770651	58583
MENA	jlSCF_13	8808489	8857467	0.2031077651292046	803	18966	93379	2981
N_Europe	jlSCF_13	8808489	8857467	0.0517592149353757	803	50170	969296	179797
NYC	jlSCF_13	8808489	8857467	0.0368688503486554	803	247736	6719385	13770
N_Europe	jlSCF_13	13558034	13728161	0.2535362196810695	1584	491411	1938228	328476
E_Asia	jlSCF_13	13558034	13728161	0.0354569646451742	1584	122542	3456077	152275
MENA	jlSCF_13	13558034	13728161	0.023404949687245	1584	4303	183850	6230
NYC	jlSCF_13	13558034	13728161	0.1815875526054161	1584	2394353	13185667	96173
E_Asia	jlSCF_13	13728161	13743270	0.1435606993351391	271	85701	596967	20371
MENA	jlSCF_13	13728161	13743270	0.135040964309257	271	4302	31857	663
NYC	jlSCF_13	13728161	13743270	0.2025822336823663	271	459762	2269508	2827
N_Europe	jlSCF_13	13728161	13743270	0.3432710925427104	271	112400	327438	60363
E_Asia	jlSCF_13	13743270	13784584	0.0262371104905361	472	27406	1044551	30665
MENA	jlSCF_13	13743270	13784584	0.0133272311212814	472	728	54625	2015
N_Europe	jlSCF_13	13743270	13784584	0.2825217516448099	472	159012	562831	112601
NYC	jlSCF_13	13743270	13784584	0.1799653572952969	472	710870	3950038	7682
MENA	jlSCF_13	13784584	13825763	0.0157973504794634	610	1140	72164	1036
N_Europe	jlSCF_13	13784584	13825763	0.0832045275883315	610	62659	753072	119838
NYC	jlSCF_13	13784584	13825763	0.1658544050824844	610	844217	5090109	24741
E_Asia	jlSCF_13	13784584	13825763	0.030365234819038	610	41271	1359153	30427
NYC	jlSCF_9	0	478864	0.0613574438804424	5357	2751961	44851298	67147
N_Europe	jlSCF_9	0	478864	0.248004523611043	5357	1618418	6525760	1140107
MENA	jlSCF_9	0	478864	0.0287020100881792	5357	17873	622709	20131
E_Asia	jlSCF_9	0	478864	0.0479962902990166	5357	566376	11800412	402834
MENA	jlSCF_9	478864	574578	0.0437579974983106	1209	6087	139106	5974
NYC	jlSCF_9	478864	574578	0.1266047985267828	1209	1281502	10122065	15400
E_Asia	jlSCF_9	478864	574578	0.0369793499412017	1209	98363	2659944	94158
N_Europe	jlSCF_9	478864	574578	0.2705027144031207	1209	397273	1468647	261432
NYC	jlSCF_9	574578	579065	0.1247174538795338	94	97661	783058	5132
N_Europe	jlSCF_9	574578	579065	0.2711913227417976	94	30128	111095	23419
MENA	jlSCF_9	574578	579065	0.0358569716340391	94	359	10012	1268
E_Asia	jlSCF_9	574578	579065	0.0134555870481837	94	2687	199694	14438
N_Europe	jlSCF_9	721750	735815	0.1405277919082063	298	51659	367607	58831
MENA	jlSCF_9	721750	735815	0.1404227475747489	298	4936	35151	609
E_Asia	jlSCF_9	721750	735815	0.1587891837922287	298	105601	665039	13805
NYC	jlSCF_9	721750	735815	0.0184807250778553	298	46074	2493084	5646
N_Europe	jlSCF_9	1977343	2019028	0.0351259684374692	357	15338	436657	74210
E_Asia	jlSCF_9	1977343	2019028	0.0477736378057328	357	37555	786103	27143
MENA	jlSCF_9	1977343	2019028	0.0319442114596563	357	1333	41729	1111
NYC	jlSCF_9	1977343	2019028	0.0261272320980819	357	78150	2991132	2313
MENA	jlSCF_9	2887983	2910958	0.023999203345947	174	482	20084	796
N_Europe	jlSCF_9	2887983	2910958	0.19952562177085	174	41051	205743	43251
NYC	jlSCF_9	2887983	2910958	0.2029448517332724	174	295260	1454878	4112
E_Asia	jlSCF_9	2887983	2910958	0.0265251278698714	174	9900	373231	23141
MENA	jlSCF_9	2910958	2949731	0.0300939237109449	585	2041	67821	2379
N_Europe	jlSCF_9	2910958	2949731	0.2355549401212564	585	165006	700499	136636
NYC	jlSCF_9	2910958	2949731	0.1885951476597382	585	922248	4890094	15131
E_Asia	jlSCF_9	2910958	2949731	0.0569107774901377	585	73272	1287489	45141
MENA	jlSCF_9	2949731	3247952	0.0305013023281465	3447	12167	398901	14739
NYC	jlSCF_9	2949731	3247952	0.1166850609924782	3447	3365880	28845852	57243
N_Europe	jlSCF_9	2949731	3247952	0.263980905323656	3447	1110522	4206827	725830
E_Asia	jlSCF_9	2949731	3247952	0.0357924129000653	3447	271213	7577388	274878
NYC	jlSCF_9	3641554	3697830	0.1633525964325093	831	1135426	6950768	17167
N_Europe	jlSCF_9	3641554	3697830	0.1102828305123857	831	109920	996710	192451
E_Asia	jlSCF_9	3641554	3697830	0.0110959497909222	831	20427	1840942	52076
MENA	jlSCF_9	3641554	3697830	0.0373704366648628	831	3591	96092	3628
NYC	jlSCF_9	3873129	3986683	0.1219197517904611	1266	1290944	10588473	26937
N_Europe	jlSCF_9	3873129	3986683	0.2077358352898869	1266	318877	1535012	276634
MENA	jlSCF_9	3873129	3986683	0.2636968175340978	1266	38861	147370	4550
E_Asia	jlSCF_9	3873129	3986683	0.0303224971510534	1266	84349	2781730	102218
NYC	jlSCF_9	3986683	4197941	0.0043528192529393	2561	93365	21449317	24668
MENA	jlSCF_9	3986683	4197941	0.2634783343187769	2561	77983	295975	11345
E_Asia	jlSCF_9	3986683	4197941	0.023510012107615	2561	131282	5584089	249869
N_Europe	jlSCF_9	3986683	4197941	0.1728220378478287	2561	545117	3154210	510581
E_Asia	jlSCF_9	4229167	4348021	0.0347745338789122	1360	102271	2940974	157106
MENA	jlSCF_9	4229167	4348021	0.2452533958798141	1360	38584	157323	5877
N_Europe	jlSCF_9	4229167	4348021	0.1742863583881218	1360	292235	1676752	269408
NYC	jlSCF_9	4229167	4348021	0.0045761002655643	1360	52117	11388955	14645
NYC	jlSCF_9	4348021	4399199	0.1794191214630301	711	1066201	5942516	19219
N_Europe	jlSCF_9	4348021	4399199	0.2779502687621493	711	237501	854473	162968
MENA	jlSCF_9	4348021	4399199	0.2157133432697241	711	17657	81854	3466
E_Asia	jlSCF_9	4348021	4399199	0.0131073554226782	711	20864	1591778	27880
NYC	jlSCF_9	4399199	4454218	0.1673447159389755	802	1123119	6711410	13360
N_Europe	jlSCF_9	4399199	4454218	0.2572840160599328	802	248506	965882	181780
MENA	jlSCF_9	4399199	4454218	0.2553311556534667	802	23528	92147	4093
E_Asia	jlSCF_9	4399199	4454218	0.0162086051242534	802	28859	1780474	46482
NYC	jlSCF_9	4454218	4509531	0.2424964607540034	603	1220620	5033558	22597
N_Europe	jlSCF_9	4454218	4509531	0.3149460459517669	603	229727	729417	133476
MENA	jlSCF_9	4454218	4509531	0.3306004200767726	603	22823	69035	3325
E_Asia	jlSCF_9	4454218	4509531	0.0159157518329686	603	21293	1337857	35777
E_Asia	jlSCF_9	4509531	4600251	0.0153539718724645	1079	36808	2397295	60667
NYC	jlSCF_9	4509531	4600251	0.1936157045608278	1079	1748890	9032790	14625
N_Europe	jlSCF_9	4509531	4600251	0.2478934942147703	1079	325591	1313431	230618
MENA	jlSCF_9	4509531	4600251	0.2836184034451716	1079	34971	123303	6177
E_Asia	jlSCF_9	5216155	5296899	0.0304912488226252	1084	73258	2402591	66761
MENA	jlSCF_9	5216155	5296899	0.1488969708570608	1084	18669	125382	4698
N_Europe	jlSCF_9	5216155	5296899	0.250915162652809	1084	322636	1285837	265367
NYC	jlSCF_9	5216155	5296899	0.256958299417315	1084	2331294	9072655	16685
NYC	jlSCF_9	5690374	5744075	0.0114401001721988	1086	102656	8973348	132762
N_Europe	jlSCF_9	5690374	5744075	0.1180937156559096	1086	158388	1341206	212860
MENA	jlSCF_9	5690374	5744075	0.1066127702994388	1086	13583	127405	2915
E_Asia	jlSCF_9	5690374	5744075	0.0957925148801609	1086	228744	2387911	85997
E_Asia	jlSCF_9	5744075	5861281	0.0446374507428465	2029	198891	4455698	166364
MENA	jlSCF_9	5744075	5861281	0.1349518317532222	2029	31757	235321	8159
N_Europe	jlSCF_9	5744075	5861281	0.1739028988894586	2029	433778	2494369	409130
NYC	jlSCF_9	5744075	5861281	0.0594695157760256	2029	1010115	16985425	27740
NYC	jlSCF_9	5861281	5870718	0.0669554110005618	196	109867	1640898	2562
N_Europe	jlSCF_9	5861281	5870718	0.1975851450339405	196	47096	238358	42118
MENA	jlSCF_9	5861281	5870718	0.2049358084663428	196	4725	23056	464
E_Asia	jlSCF_9	5861281	5870718	0.0100702407424188	196	4334	430377	16111
NYC	jlSCF_9	5870718	5909780	0.0668095159710448	632	353513	5291357	7963
E_Asia	jlSCF_9	5870718	5909780	0.07124336355527	632	99354	1394572	45124
MENA	jlSCF_9	5870718	5909780	0.2224463178841784	632	16544	74373	1467
N_Europe	jlSCF_9	5870718	5909780	0.1768484895812997	632	135878	768330	136062
E_Asia	jlSCF_9	5909780	6017317	0.0617181814160893	1363	184191	2984388	120526
NYC	jlSCF_9	5909780	6017317	0.0757308474364845	1363	864517	11415652	13103
MENA	jlSCF_9	5909780	6017317	0.1800154242945281	1363	28477	158192	5368
N_Europe	jlSCF_9	5909780	6017317	0.1958765896999911	1363	321979	1643785	306668
NYC	jlSCF_9	6017317	6126555	0.0198341090024871	956	158813	8007065	8995
MENA	jlSCF_9	6017317	6126555	0.0451099901285104	956	4981	110419	4301
E_Asia	jlSCF_9	6017317	6126555	0.0373952233892741	956	78974	2111874	65894
N_Europe	jlSCF_9	6017317	6126555	0.051595930835069	956	60741	1177244	190792
NYC	jlSCF_9	6126555	6129450	0.0116615956551989	23	2246	192598	257
N_Europe	jlSCF_9	6126555	6129450	0.0251314405888538	23	717	28530	4383
MENA	jlSCF_9	6126555	6129450	0.0512632735261808	23	140	2731	29
E_Asia	jlSCF_9	6126555	6129450	0.0290812692885969	23	1470	50548	1846
E_Asia	jlSCF_9	6896472	6950051	0.0197843276311167	480	20895	1056139	37301
MENA	jlSCF_9	6896472	6950051	0.0545790436560605	480	3043	55754	1846
N_Europe	jlSCF_9	6896472	6950051	0.0372966113579537	480	21808	584718	102162
NYC	jlSCF_9	6896472	6950051	0.0119219596539204	480	47907	4018383	6417
MENA	jlSCF_9	7338618	7387532	0.0158382556611702	729	1338	84479	3001
E_Asia	jlSCF_9	7338618	7387532	0.0207793867490852	729	33495	1611934	48728
NYC	jlSCF_9	7338618	7387532	0.0125946540422504	729	76877	6103939	8726
N_Europe	jlSCF_9	7338618	7387532	0.0616064794917157	729	55473	900441	142758
E_Asia	jlSCF_9	9677452	9683954	0.0141904753313065	53	1573	110849	9885
MENA	jlSCF_9	9677452	9683954	0.0184068549666772	53	116	6302	58
N_Europe	jlSCF_9	9677452	9683954	0.0183695700834166	53	1231	67013	8830
NYC	jlSCF_9	9677452	9683954	0.0029061188444911	53	1290	443891	514
NYC	jlSCF_9	9751205	9763221	0.0225731091641867	53	10020	443891	514
E_Asia	jlSCF_9	9751205	9763221	0.0207993684680201	53	2424	116542	4192
N_Europe	jlSCF_9	9751205	9763221	0.076044512355111	53	4927	64791	11052
MENA	jlSCF_9	9751205	9763221	0.0448270261490985	53	276	6157	203
MENA	jlSCF_9	10227243	10262213	0.0197943586077967	312	720	36374	1066
NYC	jlSCF_9	10227243	10262213	0.0640217643974867	312	167176	2611237	4883
N_Europe	jlSCF_9	10227243	10262213	0.2240489820716818	312	85554	381854	64618
E_Asia	jlSCF_9	10227243	10262213	0.0237952165635411	312	15998	672320	38416
NYC	jlSCF_9	10262213	10327474	0.0653259460248903	629	343969	5265427	8738
N_Europe	jlSCF_9	10262213	10327474	0.2239818741798672	629	173592	775027	125072
MENA	jlSCF_9	10262213	10327474	0.0559825142776563	629	3970	70915	4565
E_Asia	jlSCF_9	10262213	10327474	0.0397839040139961	629	54303	1364949	67913
MENA	jlSCF_9	10327474	10372891	0.031910137476249	465	1713	53682	2118
N_Europe	jlSCF_9	10327474	10372891	0.2010077834059902	465	113889	566590	98825
NYC	jlSCF_9	10327474	10372891	0.0499785061036249	465	194739	3896455	2570
E_Asia	jlSCF_9	10327474	10372891	0.0337802231173911	465	34038	1007631	51639
MENA	jlSCF_9	10423401	10433385	0.1016229168935845	83	933	9181	779
E_Asia	jlSCF_9	10423401	10433385	0.0422399015427893	83	7688	182008	7066
N_Europe	jlSCF_9	10423401	10433385	0.0151838411229861	83	1523	100304	18469
NYC	jlSCF_9	10423401	10433385	0.0085963561714139	83	5963	693666	2289
E_Asia	jlSCF_9	10620790	10759234	0.1522838135299576	1658	559472	3673877	103047
MENA	jlSCF_9	10620790	10759234	0.0461667081152871	1658	8725	188989	9971
N_Europe	jlSCF_9	10620790	10759234	0.1373169856062366	1658	273093	1988778	383820
NYC	jlSCF_9	10620790	10759234	0.1010403798409741	1658	1399112	13847058	55272
NYC	jlSCF_9	10759234	10771271	0.0279931282754678	316	74043	2645042	4618
N_Europe	jlSCF_9	10759234	10771271	0.0463139079221761	316	18189	392733	59463
MENA	jlSCF_9	10759234	10771271	0.0372782900487832	316	1322	35463	2457
E_Asia	jlSCF_9	10759234	10771271	0.2594513082730569	316	183581	707574	12274
N_Europe	jlSCF_9	10771271	10889243	0.1154930145659096	1620	229029	1983055	335165
E_Asia	jlSCF_9	10771271	10889243	0.1141185021062807	1620	404319	3542975	147385
MENA	jlSCF_9	10771271	10889243	0.0934117202880181	1620	17319	185405	8995
NYC	jlSCF_9	10771271	10889243	0.0559897993224652	1620	759786	13570079	13621
MENA	jlSCF_9	11977300	12078152	0.0321677149850681	1441	5375	167093	5827
E_Asia	jlSCF_9	11977300	12078152	0.022135958810208	1441	69752	3151072	131526
NYC	jlSCF_9	11977300	12078152	0.2731774990874255	1441	3283101	12018197	64588
N_Europe	jlSCF_9	11977300	12078152	0.2229134401621378	1441	384735	1725939	336132
E_Asia	jlSCF_9	12153973	12218476	0.0147516637524244	683	22399	1518405	37469
MENA	jlSCF_9	12153973	12218476	0.0469964845654461	683	3663	77942	4018
N_Europe	jlSCF_9	12153973	12218476	0.2338085403954805	683	189409	810103	167270
NYC	jlSCF_9	12153973	12218476	0.127299791813064	683	727342	5713615	13340
MENA	jlSCF_9	12352785	12399302	0.21318478323616	588	14772	69292	1268
NYC	jlSCF_9	12352785	12399302	0.130997847796038	588	643119	4909386	20994
N_Europe	jlSCF_9	12352785	12399302	0.1774400821571811	588	127858	720570	120858
E_Asia	jlSCF_9	12352785	12399302	0.0808025463806709	588	104412	1292187	47277
E_Asia	jlSCF_9	12399302	12402389	0.1270258629530118	111	30967	243785	9073
MENA	jlSCF_9	12399302	12402389	0.1854169808475343	111	2459	13262	58
N_Europe	jlSCF_9	12399302	12402389	0.1216061884241141	111	15972	131342	27499
NYC	jlSCF_9	12399302	12402389	0.1154334381239415	111	106668	924065	6670
NYC	jlSCF_9	12402389	12434428	0.1371610726403426	727	827989	6036618	59277
E_Asia	jlSCF_9	12402389	12434428	0.0390167335394657	727	62740	1608028	48078
MENA	jlSCF_9	12402389	12434428	0.2469089281929299	727	20968	84922	2318
N_Europe	jlSCF_9	12402389	12434428	0.1704936356148671	727	151316	887517	152820
NYC	jlSCF_9	12434428	12507856	0.1633724255037152	1664	2270036	13894854	57786
N_Europe	jlSCF_9	12434428	12507856	0.2051025604083074	1664	415683	2026708	354476
E_Asia	jlSCF_9	12434428	12507856	0.0471209341158412	1664	173323	3678259	112333
MENA	jlSCF_9	12434428	12507856	0.2090723250097037	1664	40398	193225	6455
E_Asia	jlSCF_9	12646811	12709726	0.0391358607309527	225	18659	476775	35775
MENA	jlSCF_9	12646811	12709726	0.1211060415355569	225	3079	25424	1576
N_Europe	jlSCF_9	12646811	12709726	0.2105307507153246	225	57465	272953	49022
NYC	jlSCF_9	12646811	12709726	0.2053477909350581	225	385046	1875092	11533
NYC	jlSCF_9	13289443	13367266	0.1633454264057745	1160	1584818	9702249	24351
N_Europe	jlSCF_9	13289443	13367266	0.2063873997116131	1160	279108	1352350	307610
MENA	jlSCF_9	13289443	13367266	0.1031629470369136	1160	13627	132092	7108
E_Asia	jlSCF_9	13289443	13367266	0.0373811712748617	1160	94901	2538738	103742
N_Europe	jlSCF_9	22041793	22060569	0.1951556341743475	212	50308	257784	45588
NYC	jlSCF_9	22041793	22060569	0.1361603072269123	212	241167	1771199	6421
MENA	jlSCF_9	22041793	22060569	0.2343730162088958	212	5538	23629	1811
E_Asia	jlSCF_9	22041793	22060569	0.0228136799759103	212	10531	461609	21327
NYC	jlSCF_9	22461175	22580551	0.1214806956482452	1710	1731619	14254273	84077
E_Asia	jlSCF_9	22461175	22580551	0.0481679902027256	1710	181870	3775744	119636
N_Europe	jlSCF_9	22461175	22580551	0.1725486198998298	1710	365664	2119194	327816
MENA	jlSCF_9	22461175	22580551	0.1820274483522247	1710	31235	171595	33605
N_Europe	jlSCF_9	22580551	22631204	0.1436051690151128	296	49174	342425	81151
NYC	jlSCF_9	22580551	22631204	0.0938885819416742	296	231788	2468756	13204
MENA	jlSCF_9	22580551	22631204	0.1850247105815449	296	5466	29542	5978
E_Asia	jlSCF_9	22580551	22631204	0.0791164743807261	296	52227	660128	14160
NYC	jlSCF_9	22631204	22714709	0.1027434123201287	1401	1202494	11703855	43530
N_Europe	jlSCF_9	22631204	22714709	0.1478657971929663	1401	251490	1700799	304032
MENA	jlSCF_9	22631204	22714709	0.1828949119460586	1401	28861	157801	10319
E_Asia	jlSCF_9	22631204	22714709	0.0539277718604187	1401	167435	3104801	86677
NYC	jlSCF_9	23978908	23995518	0.143964811853039	107	127910	888481	8714
N_Europe	jlSCF_9	23978908	23995518	0.2280913524214185	107	28344	124266	28851
MENA	jlSCF_9	23978908	23995518	0.0900047370914258	107	1140	12666	174
E_Asia	jlSCF_9	23978908	23995518	0.0808913182319617	107	19505	241126	2620
N_Europe	jlSCF_9	23995518	24230032	0.2269113560203673	3283	875945	3860296	837677
NYC	jlSCF_9	23995518	24230032	0.1715483200263555	3283	4702106	27409805	118150
MENA	jlSCF_9	23995518	24230032	0.0957257160728713	3283	36729	383690	10270
E_Asia	jlSCF_9	23995518	24230032	0.02742044532001	3283	199986	7293317	185357
N_Europe	jlSCF_9	24230032	24297634	0.2013261185923056	561	137515	683046	119745
E_Asia	jlSCF_9	24230032	24297634	0.0290471772030182	561	36220	1246937	31021
NYC	jlSCF_9	24230032	24297634	0.1103940804685768	561	516536	4679019	24966
MENA	jlSCF_9	24230032	24297634	0.0344009308307051	561	2247	65318	2002
E_Asia	jlSCF_9	25571899	25577840	0.0264529770259945	126	7444	281405	5623
MENA	jlSCF_9	25571899	25577840	0.0185969051419054	126	268	14411	709
N_Europe	jlSCF_9	25571899	25577840	0.0584976519772992	126	9081	155237	25069
NYC	jlSCF_9	25571899	25577840	0.0088845033503914	126	9382	1055996	514
E_Asia	jlSCF_10	396710	472125	0.1225951357083055	1071	285687	2330329	109409
MENA	jlSCF_10	396710	472125	0.2522143760969835	1071	30895	122495	6025
N_Europe	jlSCF_10	396710	472125	0.1765546130452835	1071	230887	1307737	224864
NYC	jlSCF_10	396710	472125	0.0675792744912699	1071	606278	8971360	8975
NYC	jlSCF_10	472125	777714	0.1022893273448146	3728	3191556	31201261	58019
N_Europe	jlSCF_10	472125	777714	0.1982777774082179	3728	894207	4509870	824898
MENA	jlSCF_10	472125	777714	0.1664974714718102	3728	70852	425544	21816
E_Asia	jlSCF_10	472125	777714	0.0603585239126025	3728	490725	8130169	362215
NYC	jlSCF_10	1558169	1564258	0.1595553694846941	203	269826	1691112	11043
N_Europe	jlSCF_10	1558169	1564258	0.2118449886266112	203	50850	240034	50459
MENA	jlSCF_10	1558169	1564258	0.2080942056710453	203	4895	23523	837
E_Asia	jlSCF_10	1558169	1564258	0.0071684667286026	203	3233	451003	11431
NYC	jlSCF_10	1564258	1570003	0.117871885619932	94	92088	781255	6935
MENA	jlSCF_10	1564258	1570003	0.1582527747941281	94	1768	11172	108
E_Asia	jlSCF_10	1564258	1570003	0.0213543062842262	94	4461	208904	5228
N_Europe	jlSCF_10	1564258	1570003	0.2219834591353967	94	24586	110756	23758
N_Europe	jlSCF_10	1570003	1712286	0.1759595504017661	1814	370628	2106325	489509
NYC	jlSCF_10	1570003	1712286	0.1420057678643164	1814	2114232	14888353	322037
MENA	jlSCF_10	1570003	1712286	0.1280983714746016	1814	26398	206076	11604
E_Asia	jlSCF_10	1570003	1712286	0.0712340787612775	1814	289159	4059279	73013
N_Europe	jlSCF_10	1712286	1852309	0.1794060511389986	1931	413926	2307202	456059
NYC	jlSCF_10	1712286	1852309	0.1716788645413939	1931	2767162	16118245	73190
E_Asia	jlSCF_10	1712286	1852309	0.0213320736847246	1931	90410	4238219	160599
MENA	jlSCF_10	1712286	1852309	0.1844010399919152	1931	40143	217694	14026
N_Europe	jlSCF_10	1852309	1878652	0.1431742021307307	353	61994	432997	72146
NYC	jlSCF_10	1852309	1878652	0.1674891415342969	353	493862	2948621	11284
E_Asia	jlSCF_10	1852309	1878652	0.0377457268435617	353	28984	767875	36259
MENA	jlSCF_10	1852309	1878652	0.1912624953720844	353	7749	40515	1845
N_Europe	jlSCF_10	2831252	2889929	0.1530493537951586	474	86436	564759	113535
NYC	jlSCF_10	2831252	2889929	0.1224975721844842	474	485764	3965499	8991
MENA	jlSCF_10	2831252	2889929	0.249746378281865	474	12309	49286	7594
E_Asia	jlSCF_10	2831252	2889929	0.0358980897626112	474	37164	1035264	44508
N_Europe	jlSCF_10	3522391	3537075	0.1514903438700254	229	42006	277285	50414
NYC	jlSCF_10	3522391	3537075	0.0707453982511288	229	131817	1863259	56906
MENA	jlSCF_10	3522391	3537075	0.113217213114754	229	2873	25376	2104
E_Asia	jlSCF_10	3522391	3537075	0.0838932765967377	229	43137	514189	7473
NYC	jlSCF_10	3537075	3798238	0.0773487315091712	3426	2211833	28595595	131415
N_Europe	jlSCF_10	3537075	3798238	0.1621063158307997	3426	673039	4151837	750769
MENA	jlSCF_10	3537075	3798238	0.1495049670535505	3426	53637	358764	52356
E_Asia	jlSCF_10	3537075	3798238	0.1071451236199316	3426	805344	7516385	288043
NYC	jlSCF_10	3798238	3815704	0.031844334133943	248	66146	2077167	2313
E_Asia	jlSCF_10	3798238	3815704	0.0198933811388404	248	10542	529925	35019
MENA	jlSCF_10	3798238	3815704	0.1977224762574745	248	4497	22744	7016
N_Europe	jlSCF_10	3798238	3815704	0.1195923841926197	248	36557	305680	49208
N_Europe	jlSCF_10	3815704	3837222	0.1606023655316115	299	58347	363301	64568
E_Asia	jlSCF_10	3815704	3837222	0.0177973351778368	299	11733	659256	21866
MENA	jlSCF_10	3815704	3837222	0.2390057361376673	299	6250	26150	9730
NYC	jlSCF_10	3815704	3837222	0.0511668346149881	299	128058	2502754	4361
E_Asia	jlSCF_10	3837222	3842271	0.015166671323591	160	5428	357890	6590
MENA	jlSCF_10	3837222	3842271	0.3159281275330992	160	4677	14804	4396
N_Europe	jlSCF_10	3837222	3842271	0.1539834687071628	160	30105	195508	33452
NYC	jlSCF_10	3837222	3842271	0.0691353607632677	160	92752	1341600	0
NYC	jlSCF_10	4727850	4779665	0.0374924244985472	2383	747448	19935974	45481
N_Europe	jlSCF_10	4727850	4779665	0.0896683521343953	2383	256375	2859147	550926
MENA	jlSCF_10	4727850	4779665	0.1064530315354408	2383	27353	256949	29011
E_Asia	jlSCF_10	4727850	4779665	0.0436043618363914	2383	230446	5284930	143544
E_Asia	jlSCF_10	7549638	7743039	0.0306173370896404	5886	401188	13103295	305013
MENA	jlSCF_10	7549638	7743039	0.1032993592950437	5886	68554	663644	42676
NYC	jlSCF_10	7549638	7743039	0.0651334600749348	5886	3210620	49292944	61166
N_Europe	jlSCF_10	7549638	7743039	0.1415407568024486	5886	1007345	7116996	1305870
NYC	jlSCF_10	7893814	7944145	0.030846168123107	1858	479976	15560312	19018
N_Europe	jlSCF_10	7893814	7944145	0.1820113095533597	1858	388628	2135186	523612
MENA	jlSCF_10	7893814	7944145	0.1123481200536307	1858	21535	191681	31279
E_Asia	jlSCF_10	7893814	7944145	0.0368283703402042	1858	152471	4140042	92482
E_Asia	jlSCF_10	7944145	8252427	0.0307920478059795	3066	203300	6602354	381994
MENA	jlSCF_10	7944145	8252427	0.1718749523213768	3066	56326	327715	40205
N_Europe	jlSCF_10	7944145	8252427	0.1893762595696174	3066	730325	3856476	530970
NYC	jlSCF_10	7944145	8252427	0.0439648615353321	3066	1129093	25681714	26696
E_Asia	jlSCF_10	10072560	10127638	0.0687382048266133	249	36350	528818	38404
MENA	jlSCF_10	10072560	10127638	0.1822550439913784	249	5158	28301	1579
NYC	jlSCF_10	10072560	10127638	0.0437821970352758	249	91040	2079384	8481
N_Europe	jlSCF_10	10072560	10127638	0.1504910179640718	249	43981	292250	64069
MENA	jlSCF_10	10873219	10884887	0.08127238983124	203	1883	23169	1191
N_Europe	jlSCF_10	10873219	10884887	0.183493911952518	203	45632	248684	41809
NYC	jlSCF_10	10873219	10884887	0.0915934105392286	203	155602	1698834	3321
E_Asia	jlSCF_10	10873219	10884887	0.0486034032013943	203	21194	436060	26374
E_Asia	jlSCF_10	10884887	10952782	0.0145655743152598	740	23669	1624996	60724
MENA	jlSCF_10	10884887	10952782	0.1102962989332289	740	9295	84273	4527
N_Europe	jlSCF_10	10884887	10952782	0.2272992212190116	740	205123	902436	156504
NYC	jlSCF_10	10884887	10952782	0.1982452611555456	740	1220175	6154876	50024
E_Asia	jlSCF_10	12871613	12901850	0.0564443920314827	310	38769	686853	19327
MENA	jlSCF_10	12871613	12901850	0.017724853207485	310	646	36446	754
N_Europe	jlSCF_10	12871613	12901850	0.0349719468589203	310	13233	378389	65221
NYC	jlSCF_10	12871613	12901850	0.0093432259479959	310	24104	2579837	19513
N_Europe	jlSCF_10	17177896	17209908	0.0432916861279775	445	23728	548096	88699
NYC	jlSCF_10	17177896	17209908	0.0342335053523596	445	127446	3722844	8481
MENA	jlSCF_10	17177896	17209908	0.0229481123017244	445	1195	52074	1326
E_Asia	jlSCF_10	17177896	17209908	0.0355690001120379	445	34922	981810	31900
NYC	jlSCF_10	17280789	17298590	0.048732526484102	255	104111	2136376	1799
MENA	jlSCF_10	17280789	17298590	0.0490596616807914	255	1453	29617	983
N_Europe	jlSCF_10	17280789	17298590	0.0634937301731242	255	19955	314283	50622
E_Asia	jlSCF_10	17280789	17298590	0.0489719799129466	255	27520	561954	18936
MENA	jlSCF_10	17395229	17470630	0.0198971053120932	978	2247	112931	4429
N_Europe	jlSCF_10	17395229	17470630	0.0860673470308268	978	103040	1197202	202316
NYC	jlSCF_10	17395229	17470630	0.0356546616593854	978	292076	8191804	8726
E_Asia	jlSCF_10	17395229	17470630	0.0218529777992875	978	45876	2099302	128582
N_Europe	jlSCF_10	17470630	17501997	0.1600181855512862	225	43644	272744	49231
NYC	jlSCF_10	17470630	17501997	0.0347282458097948	225	65421	1883798	2827
E_Asia	jlSCF_10	17470630	17501997	0.0114806089714323	225	5658	492831	19719
MENA	jlSCF_10	17470630	17501997	0.0150887342662809	225	386	25582	1418
E_Asia	jlSCF_10	17501997	17564023	0.0286179687967003	712	44045	1539068	82868
MENA	jlSCF_10	17501997	17564023	0.0346614999433841	712	2755	79483	5957
N_Europe	jlSCF_10	17501997	17564023	0.0478042623985313	712	41665	871575	147297
NYC	jlSCF_10	17501997	17564023	0.0110300670774967	712	65780	5963699	6421
N_Europe	jlSCF_10	17607387	17760802	0.0876799605687632	1611	173620	1980156	325185
NYC	jlSCF_10	17607387	17760802	0.0388009748215601	1611	523109	13481852	26383
E_Asia	jlSCF_10	17607387	17760802	0.0391125488157519	1611	135057	3453035	216823
MENA	jlSCF_10	17607387	17760802	0.0431759666178363	1611	7781	180216	13104
NYC	jlSCF_15	101107	125582	0.0237615626536599	362	72003	3030230	5140
MENA	jlSCF_15	101107	125582	0.0282732765002268	362	1184	41877	1563
E_Asia	jlSCF_15	101107	125582	0.0309217115117926	362	25040	809787	14849
N_Europe	jlSCF_15	101107	125582	0.0705581879893806	362	31494	446355	71667
NYC	jlSCF_15	125582	132175	0.0374282623741409	81	25363	677643	1542
N_Europe	jlSCF_15	125582	132175	0.0812102715430558	81	8036	98953	16958
MENA	jlSCF_15	125582	132175	0.0230801076381701	81	223	9662	58
E_Asia	jlSCF_15	125582	132175	0.0323956138275571	81	5888	181753	2765
NYC	jlSCF_15	1023977	1126526	0.0594089828967834	1079	536720	9034324	13091
N_Europe	jlSCF_15	1023977	1126526	0.2379960653906878	1079	313690	1318047	226002
E_Asia	jlSCF_15	1023977	1126526	0.0277934527711511	1079	65802	2367536	90426
MENA	jlSCF_15	1023977	1126526	0.0171398739006465	1079	2134	124505	4975
E_Asia	jlSCF_15	1126526	1128415	0.0	12	0	24712	2624
MENA	jlSCF_15	1126526	1128415	0.0104166666666666	12	15	1440	0
N_Europe	jlSCF_15	1126526	1128415	0.3251005169442849	12	4528	13928	3244
NYC	jlSCF_15	1126526	1128415	0.3000119872934689	12	30033	100106	514
NYC	jlSCF_15	1357169	1395064	0.2769573546125988	493	1142610	4125581	8224
N_Europe	jlSCF_15	1357169	1395064	0.2428148717326539	493	144098	593448	112035
MENA	jlSCF_15	1357169	1395064	0.0322196552336946	493	1813	56270	2890
E_Asia	jlSCF_15	1357169	1395064	0.0213631758228155	493	23299	1090615	32439
E_Asia	jlSCF_15	1395064	1440505	0.0178589630815347	477	18922	1059524	27082
MENA	jlSCF_15	1395064	1440505	0.006130006471561	477	341	55628	1612
N_Europe	jlSCF_15	1395064	1440505	0.2391104294478527	477	134074	560720	121867
NYC	jlSCF_15	1395064	1440505	0.0951448348614327	477	378448	3977599	22046
E_Asia	jlSCF_15	1440505	1449072	0.0136521292212808	148	4436	324931	12213
MENA	jlSCF_15	1440505	1449072	0.0163442883179493	148	278	17009	751
N_Europe	jlSCF_15	1440505	1449072	0.2610748129098028	148	45073	172644	39144
NYC	jlSCF_15	1440505	1449072	0.1628605953938907	148	201354	1236358	4622
N_Europe	jlSCF_15	1799835	1809133	0.2272204258789944	113	31201	137316	24387
E_Asia	jlSCF_15	1799835	1809133	0.0266735557206058	113	6608	247736	9678
MENA	jlSCF_15	1799835	1809133	0.017176997759522	113	230	13390	170
NYC	jlSCF_15	1799835	1809133	0.2416900932129948	113	228692	946220	1285
MENA	jlSCF_15	2053141	2067621	0.0099215355683807	135	153	15421	779
N_Europe	jlSCF_15	2053141	2067621	0.0136788496105452	135	2283	166900	26285
NYC	jlSCF_15	2053141	2067621	0.0070998252214774	135	8035	1131718	257
E_Asia	jlSCF_15	2053141	2067621	0.0232249042967803	135	6710	288914	18616
NYC	jlSCF_15	2114056	2162548	0.0587729881640501	494	243177	4137564	4626
E_Asia	jlSCF_15	2114056	2162548	0.0229631696428571	494	24690	1075200	50132
MENA	jlSCF_15	2114056	2162548	0.1169983814453159	494	6578	56223	3057
N_Europe	jlSCF_15	2114056	2162548	0.0969862156420348	494	58891	607210	99704
N_Europe	jlSCF_15	2203244	2207179	0.2409024985167117	51	14617	60676	12305
NYC	jlSCF_15	2203244	2207179	0.1425848881230377	51	60901	427121	514
E_Asia	jlSCF_15	2203244	2207179	0.0653650028032642	51	7345	112369	3809
MENA	jlSCF_15	2203244	2207179	0.0557142857142857	51	312	5600	520
E_Asia	jlSCF_15	2370762	2433082	0.0232070256333977	880	44934	1936224	68416
MENA	jlSCF_15	2370762	2433082	0.0367620655855436	880	3788	103041	2559
NYC	jlSCF_15	2370762	2433082	0.103931258638152	880	765514	7365580	13220
N_Europe	jlSCF_15	2370762	2433082	0.1465036075256888	880	153183	1045592	213688
NYC	jlSCF_15	2556486	2561903	0.0582513860441174	89	43456	746008	257
MENA	jlSCF_15	2556486	2561903	0.030025595589683	89	305	10158	522
E_Asia	jlSCF_15	2556486	2561903	0.0174657864424496	89	3442	197071	5671
N_Europe	jlSCF_15	2556486	2561903	0.2608890674790442	89	27918	107011	20348
E_Asia	jlSCF_15	2561903	2578534	0.0441883586803982	209	20089	454622	21480
MENA	jlSCF_15	2561903	2578534	0.0659145919778699	209	1525	23136	1944
N_Europe	jlSCF_15	2561903	2578534	0.1901931411908043	209	47612	250335	48744
NYC	jlSCF_15	2561903	2578534	0.1063540451383629	209	186058	1749421	3044
N_Europe	jlSCF_15	2578534	2596562	0.1827173055763819	339	75061	410804	74305
NYC	jlSCF_15	2578534	2596562	0.1275523989110705	339	361621	2835078	7437
E_Asia	jlSCF_15	2578534	2596562	0.0079202233532374	339	5929	748590	23652
MENA	jlSCF_15	2578534	2596562	0.030596060373497	339	1196	39090	1590
NYC	jlSCF_15	2596562	2645764	0.1591485709706227	708	941296	5914574	22006
N_Europe	jlSCF_15	2596562	2645764	0.1797905258676003	708	151592	843159	169989
MENA	jlSCF_15	2596562	2645764	0.0210441708377479	708	1728	82113	2847
E_Asia	jlSCF_15	2596562	2645764	0.0204543560705156	708	31665	1548081	64743
NYC	jlSCF_15	2645764	2716187	0.1703561859500147	1091	1551259	9105974	42061
N_Europe	jlSCF_15	2645764	2716187	0.1667569101053331	1091	218663	1311268	249953
MENA	jlSCF_15	2645764	2716187	0.0189543255045438	1091	2409	127095	3825
E_Asia	jlSCF_15	2645764	2716187	0.0154400771712426	1091	37086	2401931	83367
MENA	jlSCF_15	2716187	2835324	0.0233636033418089	1188	3216	137650	4910
NYC	jlSCF_15	2716187	2835324	0.1090126874265184	1188	1082426	9929358	32022
N_Europe	jlSCF_15	2716187	2835324	0.2043425878375636	1188	292064	1429286	270742
E_Asia	jlSCF_15	2716187	2835324	0.018421535567637	1188	48183	2615580	90684
MENA	jlSCF_15	4816426	4867646	0.0161312160306377	443	834	51701	1459
NYC	jlSCF_15	4816426	4867646	0.0264196723716803	443	97954	3707616	6939
N_Europe	jlSCF_15	4816426	4867646	0.0443655902890309	443	24093	543056	90877
E_Asia	jlSCF_15	4816426	4867646	0.0451328386156026	443	44447	984804	24350
MENA	jlSCF_15	4969401	5019888	0.0317790632054176	485	1802	56704	1496
N_Europe	jlSCF_15	4969401	5019888	0.0681146159564841	485	40497	594542	99493
NYC	jlSCF_15	4969401	5019888	0.0516131447148929	485	209592	4060826	5899
E_Asia	jlSCF_15	4969401	5019888	0.0259527923414519	485	27953	1077071	27759
MENA	jlSCF_15	6004709	6017160	0.0138400702987697	49	63	4552	1328
NYC	jlSCF_15	6004709	6017160	0.0639910743059149	49	26211	409604	1261
N_Europe	jlSCF_15	6004709	6017160	0.0476087246531483	49	2855	59968	10151
E_Asia	jlSCF_15	6004709	6017160	0.0603412554443411	49	6553	108599	3023
E_Asia	jlSCF_15	6017160	6035182	0.0263215260221045	177	10505	399103	4103
MENA	jlSCF_15	6017160	6035182	0.0942533057592279	177	1504	15957	5283
N_Europe	jlSCF_15	6017160	6035182	0.050019425019425	177	10815	216216	37071
NYC	jlSCF_15	6017160	6035182	0.0496325119477542	177	73445	1479776	4369
E_Asia	jlSCF_15	7152588	7171198	0.0214726163517884	256	11777	548466	34702
MENA	jlSCF_15	7152588	7171198	0.185399141920881	256	5488	29601	1119
N_Europe	jlSCF_15	7152588	7171198	0.1880998327130981	256	58582	311441	54895
NYC	jlSCF_15	7152588	7171198	0.1875023360119603	256	401330	2140400	6160
E_Asia	jlSCF_15	7171198	7204480	0.0172418237307708	530	20067	1163856	43484
MENA	jlSCF_15	7171198	7204480	0.119661740780911	530	7061	59008	4592
N_Europe	jlSCF_15	7171198	7204480	0.1728036369973182	530	112054	648447	109983
NYC	jlSCF_15	7171198	7204480	0.1748288583629035	530	774663	4430979	13071
N_Europe	jlSCF_15	7566274	7607221	0.0893190114767445	619	68020	761540	124249
MENA	jlSCF_15	7566274	7607221	0.0970434974913267	619	7021	72349	1931
NYC	jlSCF_15	7566274	7607221	0.0512873208926823	619	266026	5186974	3341
E_Asia	jlSCF_15	7566274	7607221	0.0213609140565834	619	29193	1366655	43427
NYC	jlSCF_15	9486359	9502275	0.2622493574008435	228	498605	1901263	10517
N_Europe	jlSCF_15	9486359	9502275	0.2104527463472772	228	57212	271852	54416
E_Asia	jlSCF_15	9486359	9502275	0.0064367661433619	228	3253	505378	14006
MENA	jlSCF_15	9486359	9502275	0.1269752949031827	228	3423	26958	402
MENA	jlSCF_15	9502275	9513998	0.1779695848746403	42	866	4866	174
N_Europe	jlSCF_15	9502275	9513998	0.2810073965401308	42	13791	49077	11025
NYC	jlSCF_15	9502275	9513998	0.1882789291932175	42	65535	348074	4096
E_Asia	jlSCF_15	9502275	9513998	0.0692836410328344	42	6421	92677	2999
E_Asia	jlSCF_15	9513998	9529813	0.1139144986107602	288	72158	633440	22624
MENA	jlSCF_15	9513998	9529813	0.0837063284843963	288	2693	32172	2388
N_Europe	jlSCF_15	9513998	9529813	0.1793012583535821	288	60287	336233	75895
NYC	jlSCF_15	9513998	9529813	0.1344285277015113	288	321041	2388191	26689
NYC	jlSCF_15	10857286	10861946	0.1027204534388245	214	183114	1782644	11746
N_Europe	jlSCF_15	10857286	10861946	0.1219360044227622	214	32643	267706	38528
MENA	jlSCF_15	10857286	10861946	0.1536199926497611	214	3762	24489	1191
E_Asia	jlSCF_15	10857286	10861946	0.0042138168177555	214	2022	479850	7642
MENA	jlSCF_15	10861946	10895433	0.16255532413434	298	4995	30728	5032
NYC	jlSCF_15	10861946	10895433	0.1082918687144492	298	270286	2495903	2827
N_Europe	jlSCF_15	10861946	10895433	0.1211657343143069	298	45355	374322	52116
E_Asia	jlSCF_15	10861946	10895433	0.0146380987229907	298	9521	650426	28418
MENA	jlSCF_15	10895433	10923435	0.1891469916222391	238	4967	26260	2300
NYC	jlSCF_15	10895433	10923435	0.1513259489782356	238	301722	1993855	1775
N_Europe	jlSCF_15	10895433	10923435	0.1611144618683822	238	48083	298440	42138
E_Asia	jlSCF_15	10895433	10923435	0.0093994422906889	238	4837	514605	27559
E_Asia	jlSCF_15	10950083	11007044	0.0436819685715976	1337	128409	2939634	106052
N_Europe	jlSCF_15	10950083	11007044	0.1516063483039149	1337	251729	1660412	252835
MENA	jlSCF_15	10950083	11007044	0.0648186555362559	1337	10001	154292	6148
NYC	jlSCF_15	10950083	11007044	0.0875144489063071	1337	975224	11143577	67168
E_Asia	jlSCF_15	11085279	11247952	0.0817217785635972	2639	466455	5707842	303800
NYC	jlSCF_15	11085279	11247952	0.0672911105202741	2639	1485394	22074149	53866
N_Europe	jlSCF_15	11085279	11247952	0.2009229659329586	2639	647244	3221354	555055
MENA	jlSCF_15	11085279	11247952	0.0503381451709502	2639	15549	308891	7789
E_Asia	jlSCF_15	11247952	11461217	0.0355131798149169	3114	240395	6769177	324515
MENA	jlSCF_15	11247952	11461217	0.0284390042635125	3114	10339	363550	10130
N_Europe	jlSCF_15	11247952	11461217	0.2122093030938864	3114	802920	3783623	672511
NYC	jlSCF_15	11247952	11461217	0.0600382257941023	3114	1565155	26069308	41582
NYC	jlSCF_15	11461217	11516929	0.1771468127637521	810	1196361	6753500	38350
MENA	jlSCF_15	11461217	11516929	0.1726858909668692	810	16085	93146	4054
N_Europe	jlSCF_15	11461217	11516929	0.2494860897548322	810	244675	980716	178394
E_Asia	jlSCF_15	11461217	11516929	0.0155749782202068	810	28086	1803277	41903
NYC	jlSCF_15	11516929	11563279	0.2427876589196165	638	1290691	5316131	33499
N_Europe	jlSCF_15	11516929	11563279	0.2371807798779034	638	181125	763658	149320
MENA	jlSCF_15	11516929	11563279	0.1501672955079376	638	10547	70235	6325
E_Asia	jlSCF_15	11516929	11563279	0.0297900555620561	638	42008	1410135	43229
N_Europe	jlSCF_15	11563279	11691194	0.1807160566916397	1171	248475	1374947	300754
NYC	jlSCF_15	11563279	11691194	0.1823966913272653	1171	1780112	9759563	59272
MENA	jlSCF_15	11563279	11691194	0.1578516989520482	1171	19883	125960	14560
E_Asia	jlSCF_15	11563279	11691194	0.1003005662042257	1171	261892	2611072	56466
NYC	jlSCF_15	11691194	11778868	0.1786284848903657	1230	1830141	10245516	68034
N_Europe	jlSCF_15	11691194	11778868	0.2143800781471127	1230	314326	1466209	293921
MENA	jlSCF_15	11691194	11778868	0.2799465741868966	1230	35841	128028	19572
E_Asia	jlSCF_15	11691194	11778868	0.0555564448007892	1230	152719	2748898	53042
NYC	jlSCF_15	11778868	11830085	0.0661935851968075	555	306285	4627110	26565
N_Europe	jlSCF_15	11778868	11830085	0.1638337276913156	555	115355	704098	90107
MENA	jlSCF_15	11778868	11830085	0.2168768049587941	555	9237	42591	24009
E_Asia	jlSCF_15	11778868	11830085	0.0769655474346033	555	94932	1233435	30855
N_Europe	jlSCF_15	11830085	11914691	0.2901896564762002	1324	468174	1613338	281306
MENA	jlSCF_15	11830085	11914691	0.316024838204148	1324	48196	152507	6373
NYC	jlSCF_15	11830085	11914691	0.0865340757576592	1324	958262	11073811	27929
E_Asia	jlSCF_15	11830085	11914691	0.0269946000542285	1324	78950	2924659	91413
NYC	jlSCF_15	12145038	12214915	0.0824893668096165	774	534003	6473598	16392
MENA	jlSCF_15	12145038	12214915	0.2166018600632148	774	19051	87954	4926
E_Asia	jlSCF_15	12145038	12214915	0.15879810211841	774	270894	1705902	57270
N_Europe	jlSCF_15	12145038	12214915	0.1803054564025087	774	169470	939905	167689
NYC	jlSCF_15	12214915	12457732	0.1128572230868195	2368	2232597	19782491	73189
N_Europe	jlSCF_15	12214915	12457732	0.2039883259692969	2368	586976	2877498	511110
MENA	jlSCF_15	12214915	12457732	0.2101301855400216	2368	53297	253638	30522
E_Asia	jlSCF_15	12214915	12457732	0.085640581663043	2368	446920	5218554	175750
NYC	jlSCF_15	12658137	12772265	0.0554716511161992	2860	1304591	23518157	462943
N_Europe	jlSCF_15	12658137	12772265	0.0746371480524441	2860	266515	3570809	521851
E_Asia	jlSCF_15	12658137	12772265	0.1103985937627497	2860	708944	6421676	93404
MENA	jlSCF_15	12658137	12772265	0.1227866109148458	2860	28396	231263	111937
E_Asia	jlSCF_15	19748482	19766156	0.0281124832000425	273	16901	601192	20702
NYC	jlSCF_15	19748482	19766156	0.2044466701984174	273	465807	2278379	10726
N_Europe	jlSCF_15	19748482	19766156	0.2559647665879762	273	82296	321513	69150
MENA	jlSCF_15	19748482	19766156	0.0951752732755371	273	3030	31836	924
MENA	jlSCF_15	19766156	19834535	0.1394869984704083	451	7113	50994	3126
E_Asia	jlSCF_15	19766156	19834535	0.0787991877175221	451	78927	1001622	25756
N_Europe	jlSCF_15	19766156	19834535	0.2169969864997493	451	112981	520657	124724
NYC	jlSCF_15	19766156	19834535	0.1569271297763329	451	589023	3753481	28154
NYC	jlSCF_15	19834535	19834536	NA	0	NA	NA	NA
MENA	jlSCF_15	19834535	19834536	NA	0	NA	NA	NA
E_Asia	jlSCF_15	19834535	19834536	NA	0	NA	NA	NA
N_Europe	jlSCF_15	19834535	19834536	NA	0	NA	NA	NA
MENA	jlSCF_15	19834536	19864213	0.0774143975411804	542	4836	62469	2571
NYC	jlSCF_15	19834536	19864213	0.1643691199275369	542	742919	4519821	24849
N_Europe	jlSCF_15	19834536	19864213	0.2278502575515103	542	145795	639872	135730
E_Asia	jlSCF_15	19834536	19864213	0.151523963487964	542	184458	1217352	17324
NYC	jlSCF_15	19864213	19877994	0.1930656902026339	68	109141	565305	4875
N_Europe	jlSCF_15	19864213	19877994	0.2199817134949465	68	17804	80934	16374
E_Asia	jlSCF_15	19864213	19877994	0.1495611430079852	68	22663	151530	3374
MENA	jlSCF_15	19864213	19877994	0.1351660939289805	68	1062	7857	303
E_Asia	jlSCF_15	19877994	19994942	0.1156447442810604	1861	468625	4052281	187077
MENA	jlSCF_15	19877994	19994942	0.0966613506483643	1861	20365	210684	12636
NYC	jlSCF_15	19877994	19994942	0.1755345511960163	1861	2731345	15560156	44329
N_Europe	jlSCF_15	19877994	19994942	0.2232275530632524	1861	506112	2267247	395844
NYC	jlSCF_15	19994942	20272649	0.1561936240671145	3012	3933867	25185836	69784
N_Europe	jlSCF_15	19994942	20272649	0.2048321773378411	3012	734605	3586375	723797
E_Asia	jlSCF_15	19994942	20272649	0.0786881130913517	3012	517870	6581299	280037
MENA	jlSCF_15	19994942	20272649	0.060856651419389	3012	20981	344761	16679
E_Asia	jlSCF_15	20272649	20279603	0.1072683627004553	38	8669	80816	5748
MENA	jlSCF_15	20272649	20279603	0.0930232558139534	38	408	4386	174
N_Europe	jlSCF_15	20272649	20279603	0.1379721949164443	38	5895	42726	11652
NYC	jlSCF_15	20272649	20279603	0.1332822854333872	38	42297	317349	1281
N_Europe	jlSCF_15	20279603	20298599	0.1884682083724895	173	38907	206438	41125
MENA	jlSCF_15	20279603	20298599	0.0391404828637458	173	796	20337	423
E_Asia	jlSCF_15	20279603	20298599	0.0272821980257807	173	10030	367639	26455
NYC	jlSCF_15	20279603	20298599	0.1689011294403667	173	243712	1442927	7678
NYC	jlSCF_15	20298599	20311227	0.1480605856241255	95	117675	794776	1799
N_Europe	jlSCF_15	20298599	20311227	0.2274894985035922	95	25616	112603	23342
MENA	jlSCF_15	20298599	20311227	0.018011394964161	95	196	10882	518
E_Asia	jlSCF_15	20298599	20311227	0.0553900338387774	95	11229	202726	13684
E_Asia	jlSCF_15	20311227	20375677	0.0614942866868667	866	117062	1903624	69124
NYC	jlSCF_15	20311227	20375677	0.1928424196870727	866	1384166	7177705	83705
N_Europe	jlSCF_15	20311227	20375677	0.2240349721289702	866	235642	1051809	187437
MENA	jlSCF_15	20311227	20375677	0.0660165041260315	866	6512	98642	5278
MENA	jlSCF_15	20375677	20403963	0.1308514737044885	174	2717	20764	116
N_Europe	jlSCF_15	20375677	20403963	0.1746003260203089	174	35025	200601	48393
NYC	jlSCF_15	20375677	20403963	0.1473510836952644	174	210687	1429830	29160
E_Asia	jlSCF_15	20375677	20403963	0.0687364663194241	174	25839	375914	20458
NYC	jlSCF_15	20649125	20656979	0.0369864849022793	57	17668	477688	257
N_Europe	jlSCF_15	20649125	20656979	0.0997539603746708	57	6933	69501	12066
MENA	jlSCF_15	20649125	20656979	0.075831873905429	57	433	5710	1130
E_Asia	jlSCF_15	20649125	20656979	0.0806358797295353	57	10089	125118	4728
NYC	jlSCF_15	20656979	20704001	0.0494050612337941	750	310358	6281907	6843
N_Europe	jlSCF_15	20656979	20704001	0.0991034116364791	750	90472	912905	160345
E_Asia	jlSCF_15	20656979	20704001	0.0835618881976497	750	134910	1614492	94008
MENA	jlSCF_15	20656979	20704001	0.0768440743865312	750	6285	81789	8211
NYC	jlSCF_15	20704001	20804056	0.1937341456075162	1054	1698370	8766498	71292
N_Europe	jlSCF_15	20704001	20804056	0.1817987720568481	1054	230753	1269277	238997
MENA	jlSCF_15	20704001	20804056	0.0787680953732614	1054	9435	119782	6698
E_Asia	jlSCF_15	20704001	20804056	0.0674345353760383	1054	156373	2318886	82126
NYC	jlSCF_15	20865819	20874639	0.1970476993774775	68	110501	560783	9397
N_Europe	jlSCF_15	20865819	20874639	0.2161591653524202	68	17818	82430	14878
MENA	jlSCF_15	20865819	20874639	0.1259730150492994	68	971	7708	452
E_Asia	jlSCF_15	20865819	20874639	0.1102978392057621	68	16998	154110	794
NYC	jlSCF_15	20874639	20898909	0.185689926090018	251	388439	2091869	12766
N_Europe	jlSCF_15	20874639	20898909	0.223743201654122	251	65576	293086	66095
MENA	jlSCF_15	20874639	20898909	0.0657746081061996	251	1863	28324	1796
E_Asia	jlSCF_15	20874639	20898909	0.046844196496641	251	26114	557465	14313
N_Europe	jlSCF_15	20898909	20956372	0.2428531564389396	835	248032	1021325	173560
MENA	jlSCF_15	20898909	20956372	0.0700879945849486	835	6834	97506	2694
NYC	jlSCF_15	20898909	20956372	0.2362861465048226	835	1639888	6940263	61212
E_Asia	jlSCF_15	20898909	20956372	0.0617063803839567	835	115060	1864637	37493
E_Asia	jlSCF_15	21566779	21617619	0.0464635509415375	391	39242	844576	46122
MENA	jlSCF_15	21566779	21617619	0.1002063335426572	391	4468	44588	2332
N_Europe	jlSCF_15	21566779	21617619	0.1639656366684291	391	80009	487962	71559
NYC	jlSCF_15	21566779	21617619	0.1494097709746197	391	488431	3269070	9465
E_Asia	jlSCF_15	21617619	21900045	0.0182639534479072	1484	58781	3218416	162136
MENA	jlSCF_15	21617619	21900045	0.0436267450404114	1484	7422	170125	7955
N_Europe	jlSCF_15	21617619	21900045	0.1434240687679083	1484	260286	1814800	308804
NYC	jlSCF_15	21617619	21900045	0.1448914554828209	1484	1792540	12371606	71734
NYC	jlSCF_11	3157733	3359678	0.211031660407033	2733	4815186	22817363	98842
N_Europe	jlSCF_11	3157733	3359678	0.2394224441247055	2733	775264	3238059	672864
MENA	jlSCF_11	3157733	3359678	0.2279725712424074	2733	72775	319227	8733
E_Asia	jlSCF_11	3157733	3359678	0.0723598242740662	2733	440568	6088572	137202
MENA	jlSCF_11	3359678	3376615	0.2616097691416347	286	8805	33657	663
E_Asia	jlSCF_11	3359678	3376615	0.1209613187505163	286	77606	641577	9931
N_Europe	jlSCF_11	3359678	3376615	0.1603535201607566	286	53306	332428	76838
NYC	jlSCF_11	3359678	3376615	0.1187436253435406	286	283603	2388364	9746
MENA	jlSCF_11	3376615	3396137	0.251197270878436	132	3829	15243	597
NYC	jlSCF_11	3376615	3396137	0.1505214616403621	132	165326	1098355	8465
N_Europe	jlSCF_11	3376615	3396137	0.2325803414470348	132	35325	151883	37009
E_Asia	jlSCF_11	3376615	3396137	0.0479739863020325	132	13883	289386	11310
NYC	jlSCF_11	3396137	3438758	0.0506024405878801	511	216688	4282165	2570
N_Europe	jlSCF_11	3396137	3438758	0.212991510883769	511	133328	625978	105263
MENA	jlSCF_11	3396137	3438758	0.2465619687252773	511	14648	59409	1911
E_Asia	jlSCF_11	3396137	3438758	0.0819382444613896	511	92089	1123883	40175
NYC	jlSCF_11	3438758	3522079	0.1001536731694598	1557	1304832	13028299	27146
N_Europe	jlSCF_11	3438758	3522079	0.194216049257301	1557	372808	1919553	308514
MENA	jlSCF_11	3438758	3522079	0.2284038354307206	1557	41781	182926	3914
E_Asia	jlSCF_11	3438758	3522079	0.1083325308593667	1557	372370	3437287	109559
NYC	jlSCF_11	3522079	3529018	0.0789546914393915	114	75472	955890	0
MENA	jlSCF_11	3522079	3529018	0.2996835919843302	114	3978	13274	406
E_Asia	jlSCF_11	3522079	3529018	0.1022670283803047	114	25898	253239	6453
N_Europe	jlSCF_11	3522079	3529018	0.2516931141966563	114	35529	141160	21974
NYC	jlSCF_11	3529018	3546753	0.1211540068766059	347	352260	2907539	2056
MENA	jlSCF_11	3529018	3546753	0.2839657582967451	347	11577	40769	871
E_Asia	jlSCF_11	3529018	3546753	0.1479136106454316	347	112935	763520	26946
N_Europe	jlSCF_11	3529018	3546753	0.2311954532495838	347	100558	434948	61609
E_Asia	jlSCF_11	3546753	3583595	0.0898401346909324	715	140072	1559125	69645
MENA	jlSCF_11	3546753	3583595	0.2527231767094123	715	20417	80788	5012
N_Europe	jlSCF_11	3546753	3583595	0.2125976082941978	715	184428	867498	155667
NYC	jlSCF_11	3546753	3583595	0.1464020869636311	715	873854	5968863	26412
N_Europe	jlSCF_11	3583595	3600017	0.2069401470539308	104	24880	120228	28596
MENA	jlSCF_11	3583595	3600017	0.200016241676141	104	2463	12314	166
NYC	jlSCF_11	3583595	3600017	0.1436996267257443	104	124538	866655	5385
E_Asia	jlSCF_11	3583595	3600017	0.0624478376122707	104	14441	231249	5663
MENA	jlSCF_11	3649539	3669765	0.2412722253795567	421	11887	49268	1252
E_Asia	jlSCF_11	3649539	3669765	0.1302514813445672	421	121912	935974	23064
NYC	jlSCF_11	3649539	3669765	0.2140669257812144	421	752125	3513504	16581
N_Europe	jlSCF_11	3649539	3669765	0.2069157430205391	421	105215	508492	93959
NYC	jlSCF_11	3669765	3682718	0.2038295528920592	166	282776	1387316	4594
E_Asia	jlSCF_11	3669765	3682718	0.1062308982917271	166	38686	364169	13979
MENA	jlSCF_11	3669765	3682718	0.1971845458281956	166	3838	19464	456
N_Europe	jlSCF_11	3669765	3682718	0.1894658087685171	166	37986	200490	37056
E_Asia	jlSCF_11	4061369	4083637	0.0308860998865378	183	12413	401896	14978
MENA	jlSCF_11	4061369	4083637	0.0201837482743847	183	424	21007	953
N_Europe	jlSCF_11	4061369	4083637	0.0421401900422215	183	9322	221214	40659
NYC	jlSCF_11	4061369	4083637	0.0297466753255559	183	45622	1533684	771
NYC	jlSCF_11	4755848	4762772	0.0114843375136671	91	8760	762778	257
MENA	jlSCF_11	4755848	4762772	0.0092127303182579	91	99	10746	174
E_Asia	jlSCF_11	4755848	4762772	0.0406079257045982	91	8168	201143	6155
N_Europe	jlSCF_11	4755848	4762772	0.061612193303141	91	6775	109962	20259
E_Asia	jlSCF_11	4762772	4790917	0.0213459472183959	385	18317	858102	18928
N_Europe	jlSCF_11	4762772	4790917	0.0528529978591298	385	24737	468034	82901
NYC	jlSCF_11	4762772	4790917	0.0089291664509825	385	28807	3226169	2056
MENA	jlSCF_11	4762772	4790917	0.0101836136398703	385	462	45367	833
N_Europe	jlSCF_11	6058966	6098914	0.049832883257306	615	37110	744689	135376
NYC	jlSCF_11	6058966	6098914	0.0543828831059619	615	280021	5149065	7710
E_Asia	jlSCF_11	6058966	6098914	0.0232801509186835	615	31567	1355962	45008
MENA	jlSCF_11	6058966	6098914	0.2722724338282763	615	18557	68156	5644
E_Asia	jlSCF_11	6217850	6270155	0.0180575735794874	536	21053	1165882	55126
NYC	jlSCF_11	6217850	6270155	0.0314454924071303	536	141093	4486907	7453
N_Europe	jlSCF_11	6217850	6270155	0.1814698271587128	536	120762	665466	101550
MENA	jlSCF_11	6217850	6270155	0.3221079192546583	536	19914	61824	2496
E_Asia	jlSCF_11	6390912	6400839	0.0356941687677699	68	5323	149128	5776
N_Europe	jlSCF_11	6390912	6400839	0.2850383189711684	68	23915	83901	13407
NYC	jlSCF_11	6390912	6400839	0.2556014389858039	68	145085	567622	2558
MENA	jlSCF_11	6390912	6400839	0.0019152196118488	68	15	7832	328
NYC	jlSCF_11	6400839	6843626	0.254030179352046	4721	10046478	39548364	37221
N_Europe	jlSCF_11	6400839	6843626	0.2467092053637297	4721	1403204	5687684	1068067
E_Asia	jlSCF_11	6400839	6843626	0.0544517877610214	4721	562299	10326548	427890
MENA	jlSCF_11	6400839	6843626	0.0289069773873284	4721	15679	542395	24125
E_Asia	jlSCF_11	9268917	9275722	0.0056745325721596	157	1987	350161	7485
MENA	jlSCF_11	9268917	9275722	0.1525367525146457	157	2760	18094	746
N_Europe	jlSCF_11	9268917	9275722	0.1540757931380047	157	29212	189595	35072
NYC	jlSCF_11	9268917	9275722	0.2339612433752961	157	305311	1304964	11481
N_Europe	jlSCF_11	9275722	9367459	0.2378643306154436	1610	456494	1919136	384774
MENA	jlSCF_11	9275722	9367459	0.173576961313337	1610	32650	188101	5099
NYC	jlSCF_11	9275722	9367459	0.234436402656775	1610	3133578	13366431	133419
E_Asia	jlSCF_11	9275722	9367459	0.0619894223136705	1610	224207	3616859	50721
E_Asia	jlSCF_11	9367459	9379514	0.0906971289579985	257	52203	575575	9871
MENA	jlSCF_11	9367459	9379514	0.1946048809802023	257	5829	29953	887
N_Europe	jlSCF_11	9367459	9379514	0.1571878461578093	257	48815	310552	57215
NYC	jlSCF_11	9367459	9379514	0.128088085331269	257	275332	2149552	5393
N_Europe	jlSCF_11	9379514	9418534	0.1813811742164064	841	181944	1003103	200368
E_Asia	jlSCF_11	9379514	9418534	0.0727514021930176	841	136883	1881517	34281
MENA	jlSCF_11	9379514	9418534	0.1720065644810091	841	16036	93229	7691
NYC	jlSCF_11	9379514	9418534	0.1610146130595681	841	1130249	7019543	32242
E_Asia	jlSCF_11	9418534	9459028	0.0947673999935797	515	109229	1152601	20569
MENA	jlSCF_11	9418534	9459028	0.1772796481136863	515	10479	59110	2690
NYC	jlSCF_11	9418534	9459028	0.1757682407110766	515	754926	4295008	23267
N_Europe	jlSCF_11	9418534	9459028	0.1778222421935276	515	104868	589735	147230
E_Asia	jlSCF_11	9459028	9464453	0.1293587000520441	8	2237	17293	931
MENA	jlSCF_11	9459028	9464453	0.1662971175166297	8	150	902	58
N_Europe	jlSCF_11	9459028	9464453	0.0886220697541452	8	775	8745	2703
NYC	jlSCF_11	9459028	9464453	0.0154404527559055	8	1004	65024	2056
MENA	jlSCF_11	15166371	15228431	0.1168885520704905	776	10334	88409	4711
E_Asia	jlSCF_11	15166371	15228431	0.0800473223070796	776	136676	1707440	60288
NYC	jlSCF_11	15166371	15228431	0.1300487130970541	776	844769	6495789	10971
N_Europe	jlSCF_11	15166371	15228431	0.2311995237163588	776	219800	950694	159762
E_Asia	jlSCF_11	15228431	15295015	0.0558434069678447	441	53264	953810	50788
MENA	jlSCF_11	15228431	15295015	0.0663666378429368	441	3377	50884	2036
N_Europe	jlSCF_11	15228431	15295015	0.2311876822375441	441	119804	518211	112860
NYC	jlSCF_11	15228431	15295015	0.1231898125202668	441	454360	3688292	9493
N_Europe	jlSCF_11	15295015	15324909	0.165671924112479	417	82330	496946	99781
NYC	jlSCF_11	15295015	15324909	0.0719608598999559	417	251263	3491662	4883
MENA	jlSCF_11	15295015	15324909	0.0376219905528851	417	1808	48057	1983
E_Asia	jlSCF_11	15295015	15324909	0.1603108421616184	417	148221	924585	25341
N_Europe	jlSCF_11	15911487	15985542	0.1460754771129286	350	62098	425109	75741
E_Asia	jlSCF_11	15911487	15985542	0.0522821499519981	350	39319	752054	45246
NYC	jlSCF_11	15911487	15985542	0.1417920639458183	350	412184	2906961	27789
MENA	jlSCF_11	15911487	15985542	0.134177463682764	350	5468	40752	1248
NYC	jlSCF_11	15985542	16114486	0.1301623653182885	765	831734	6389973	24552
N_Europe	jlSCF_11	15985542	16114486	0.1336737122211886	765	123576	924460	170255
MENA	jlSCF_11	15985542	16114486	0.1235109577876768	765	11063	89571	2229
E_Asia	jlSCF_11	15985542	16114486	0.1247325575248179	765	205270	1645681	96989
MENA	jlSCF_11	16114486	16287294	0.13299801824145	726	11476	86287	833
N_Europe	jlSCF_11	16114486	16287294	0.1834305473644259	726	161422	880017	158889
NYC	jlSCF_11	16114486	16287294	0.1833181475562612	726	1111200	6061593	25917
E_Asia	jlSCF_11	16114486	16287294	0.0772990321486915	726	120375	1557264	96564
NYC	jlSCF_11	16662079	16748986	0.0202001076930485	109	18457	913708	257
N_Europe	jlSCF_11	16662079	16748986	0.0559871297379024	109	7517	134263	21716
MENA	jlSCF_11	16662079	16748986	0.125254104769351	109	1602	12790	290
E_Asia	jlSCF_11	16662079	16748986	0.003268973667998	109	780	238607	9695
E_Asia	jlSCF_12	293179	335957	0.0251139646229883	736	40305	1604884	71724
N_Europe	jlSCF_12	293179	335957	0.0734941738970155	736	66189	900602	152614
NYC	jlSCF_12	293179	335957	0.0366038767384344	736	225764	6167762	3598
MENA	jlSCF_12	293179	335957	0.0074031958115679	736	625	84423	3897
MENA	jlSCF_12	587146	617033	0.2359820523954262	375	8152	34545	10455
N_Europe	jlSCF_12	587146	617033	0.0936185742205963	375	42584	454867	81758
NYC	jlSCF_12	587146	617033	0.0232579390386519	375	73048	3140777	3598
E_Asia	jlSCF_12	587146	617033	0.0447359027347494	375	37472	837627	16623
NYC	jlSCF_12	659383	871548	0.0037205193116754	2310	71978	19346224	23126
E_Asia	jlSCF_12	659383	871548	0.074062594853732	2310	369908	4994532	267648
N_Europe	jlSCF_12	659383	871548	0.1504661540251106	2310	425572	2828357	477253
MENA	jlSCF_12	659383	871548	0.1635137339397686	2310	43105	263617	13583
MENA	jlSCF_12	871548	926453	0.1853710315545691	276	5763	31089	2031
N_Europe	jlSCF_12	871548	926453	0.1611386959976376	276	52931	328481	66475
NYC	jlSCF_12	871548	926453	0.044852520558128	276	103420	2305779	8481
E_Asia	jlSCF_12	871548	926453	0.0699812988779326	276	41163	588200	40528
E_Asia	jlSCF_12	926453	1073959	0.0316322726928757	1597	112863	3567970	69996
N_Europe	jlSCF_12	926453	1073959	0.2268710439245857	1597	428350	1888077	397230
NYC	jlSCF_12	926453	1073959	0.2466048472164374	1597	3288413	13334746	56099
MENA	jlSCF_12	926453	1073959	0.0903539102742681	1597	16541	183069	8571
NYC	jlSCF_12	1073959	1085723	0.2665867093105899	54	120028	450240	2550
N_Europe	jlSCF_12	1073959	1085723	0.2851974299794149	54	18288	64124	13150
MENA	jlSCF_12	1073959	1085723	0.0468471389204084	54	289	6169	311
E_Asia	jlSCF_12	1073959	1085723	0.0185003135646366	54	2183	117998	5014
E_Asia	jlSCF_12	1085723	1104900	0.017874259176758	268	10592	592584	17920
MENA	jlSCF_12	1085723	1104900	0.0149886060917289	268	467	31157	1003
N_Europe	jlSCF_12	1085723	1104900	0.1787230387946899	268	58268	326024	57484
NYC	jlSCF_12	1085723	1104900	0.1141667302170032	268	255998	2242317	4863
NYC	jlSCF_12	2584408	2616288	0.2157215797608484	393	706505	3275078	20227
N_Europe	jlSCF_12	2584408	2616288	0.2260535338422673	393	106216	469871	92512
MENA	jlSCF_12	2584408	2616288	0.1902637187000532	393	8571	45048	2112
E_Asia	jlSCF_12	2584408	2616288	0.0197867039435521	393	16646	841272	53982
NYC	jlSCF_12	6829600	6895600	0.0242609554661134	2079	422441	17412381	20034
N_Europe	jlSCF_12	6829600	6895600	0.065453410210632	2079	167726	2562525	412524
MENA	jlSCF_12	6829600	6895600	0.0565537260397377	2079	13560	239772	9708
E_Asia	jlSCF_12	6829600	6895600	0.0783393810792445	2079	360625	4603368	132594
N_Europe	jlSCF_12	8912060	8961614	0.3062238732541663	293	103948	339451	79832
MENA	jlSCF_12	8912060	8961614	0.0863889533534462	293	2978	34472	688
E_Asia	jlSCF_12	8912060	8961614	0.0369217374419427	293	23578	638594	28860
NYC	jlSCF_12	8912060	8961614	0.0878727163179232	293	215119	2448075	8730
E_Asia	jlSCF_12	9714437	9734162	0.0083715671495051	277	5109	610280	20726
MENA	jlSCF_12	9714437	9734162	0.0033996474439687	277	108	31768	1472
NYC	jlSCF_12	9714437	9734162	0.0184276248824669	277	42744	2319561	3084
N_Europe	jlSCF_12	9714437	9734162	0.0922117116720003	277	31379	340293	56094
E_Asia	jlSCF_12	10091750	10117911	0.0503431480114278	423	46573	925111	38483
MENA	jlSCF_12	10091750	10117911	0.2501222892548508	423	12272	49064	1696
N_Europe	jlSCF_12	10091750	10117911	0.2668931787946364	423	139429	522415	82898
NYC	jlSCF_12	10091750	10117911	0.1487298767866556	423	526763	3541743	5112
N_Europe	jlSCF_12	10397350	10403259	0.1402919305976315	57	10188	72620	8947
E_Asia	jlSCF_12	10397350	10403259	0.0269053667831057	57	3389	125960	3886
NYC	jlSCF_12	10397350	10403259	0.0029689608636977	57	1419	477945	0
MENA	jlSCF_12	10397350	10403259	0.0113929819231353	57	75	6583	257
MENA	jlSCF_12	10403259	10817237	0.0352858163534857	4881	19903	564051	21669
E_Asia	jlSCF_12	10403259	10817237	0.0360717573303571	4881	383710	10637408	481510
NYC	jlSCF_12	10403259	10817237	0.0301034567325655	4881	1230434	40873512	53673
N_Europe	jlSCF_12	10403259	10817237	0.1881614409991914	4881	1126598	5987401	997310
NYC	jlSCF_12	11059372	11123732	0.0124169202560218	1092	113545	9144377	12043
N_Europe	jlSCF_12	11059372	11123732	0.0532394311242903	1092	70954	1332734	229918
MENA	jlSCF_12	11059372	11123732	0.0270720433535224	1092	3397	125480	5560
E_Asia	jlSCF_12	11059372	11123732	0.0333862335917334	1092	80257	2403895	83681
NYC	jlSCF_12	12164611	12216691	0.1031160875917907	330	284693	2760898	6152
MENA	jlSCF_12	12164611	12216691	0.0117219397834733	330	445	37963	1637
E_Asia	jlSCF_12	12164611	12216691	0.0258178067756328	330	18424	713616	38124
N_Europe	jlSCF_12	12164611	12216691	0.1060071566868392	330	41830	394596	77634
N_Europe	jlSCF_12	12420917	12429417	0.0702585408452195	215	18585	264523	43142
MENA	jlSCF_12	12420917	12429417	0.0174186524736905	215	432	24801	999
E_Asia	jlSCF_12	12420917	12429417	0.0108197775082164	215	5218	482265	7505
NYC	jlSCF_12	12420917	12429417	0.0007870202203656	215	1417	1800462	2313
NYC	jlSCF_12	13141580	13169887	0.0261175325940954	226	49446	1893211	1799
N_Europe	jlSCF_12	13141580	13169887	0.0862377026241577	226	24036	278718	44688
MENA	jlSCF_12	13141580	13169887	0.0380418192918192	226	997	26208	912
E_Asia	jlSCF_12	13141580	13169887	0.0364664566960826	226	18120	496895	17933
MENA	jlSCF_12	14158224	14356045	0.0666768336731254	2156	16614	249172	9548
E_Asia	jlSCF_12	14158224	14356045	0.042740415770707	2156	200633	4694222	217146
NYC	jlSCF_12	14158224	14356045	0.2410839742656988	2156	4350815	18046886	31174
N_Europe	jlSCF_12	14158224	14356045	0.2625251981751216	2156	692825	2639080	446156
NYC	jlSCF_12	14356045	14555363	0.228632315209992	1635	3126883	13676470	33005
N_Europe	jlSCF_12	14356045	14555363	0.2456382446537106	1635	492008	2002978	336707
MENA	jlSCF_12	14356045	14555363	0.1962411271241127	1635	36493	185960	10240
E_Asia	jlSCF_12	14356045	14555363	0.0414771672707903	1635	147715	3561357	163173
NYC	jlSCF_12	14555363	14617417	0.2571461524302001	620	1335505	5193564	5136
N_Europe	jlSCF_12	14555363	14617417	0.2820117538646207	620	212387	753114	134106
MENA	jlSCF_12	14555363	14617417	0.148048415238985	620	10776	72787	1613
E_Asia	jlSCF_12	14555363	14617417	0.0277396821375066	620	37662	1357694	54666
N_Europe	jlSCF_12	14617417	14766080	0.2626693970725107	1624	518719	1974798	349146
NYC	jlSCF_12	14617417	14766080	0.2344399460069847	1624	3188101	13598796	18444
MENA	jlSCF_12	14617417	14766080	0.1381758044684038	1624	25734	186241	8639
E_Asia	jlSCF_12	14617417	14766080	0.0231486454247682	1624	81895	3537788	161684
E_Asia	jlSCF_12	14766080	14951259	0.0638567702746514	1896	265507	4157852	161236
MENA	jlSCF_12	14766080	14951259	0.0969663941871026	1896	21352	220200	7320
N_Europe	jlSCF_12	14766080	14951259	0.240434144194781	1896	551818	2295090	418086
NYC	jlSCF_12	14766080	14951259	0.2372783028200477	1896	3766948	15875653	22307
E_Asia	jlSCF_12	15808591	15868949	0.0184354355534821	604	24856	1348273	27639
MENA	jlSCF_12	15808591	15868949	0.0260253919995495	604	1849	71046	1434
N_Europe	jlSCF_12	15808591	15868949	0.09259639750702	604	68952	744651	119673
NYC	jlSCF_12	15808591	15868949	0.0060779054310672	604	30726	5055360	9180
N_Europe	jlSCF_12	15990969	16103328	0.2519748507827774	1420	423892	1682279	349741
MENA	jlSCF_12	15990969	16103328	0.1679905440247913	1420	27430	163283	7117
E_Asia	jlSCF_12	15990969	16103328	0.0216225990872453	1420	68396	3163172	71588
NYC	jlSCF_12	15990969	16103328	0.1464966603906554	1420	1740948	11883875	22825
NYC	jlSCF_12	16422768	16529945	0.2752382555164298	1156	2662558	9673648	19412
MENA	jlSCF_12	16422768	16529945	0.0411598788186308	1156	5516	134014	4706
E_Asia	jlSCF_12	16422768	16529945	0.0278307751693271	1156	70441	2531047	102321
N_Europe	jlSCF_12	16422768	16529945	0.2700680344386716	1156	381278	1411785	242451
E_Asia	jlSCF_12	16594287	16634908	0.0206788682835753	407	18430	891248	35898
NYC	jlSCF_12	16594287	16634908	0.198444926561899	407	675957	3406270	6425
N_Europe	jlSCF_12	16594287	16634908	0.226825228406661	407	112019	493856	88561
MENA	jlSCF_12	16594287	16634908	0.0304337661785645	407	1432	47053	1787
E_Asia	jlSCF_16	0	105372	0.0865504731420543	1022	195174	2255031	73085
MENA	jlSCF_16	0	105372	0.0791453581929852	1022	9394	118693	3947
N_Europe	jlSCF_16	0	105372	0.1252167422678456	1022	158368	1264751	197731
NYC	jlSCF_16	0	105372	0.00674060061602	1022	57604	8545826	23644
N_Europe	jlSCF_16	968756	998162	0.2994762412180101	457	165817	553690	100277
NYC	jlSCF_16	968756	998162	0.295807176366066	457	1130704	3822436	9509
MENA	jlSCF_16	968756	998162	0.1338492458536035	457	7126	53239	1601
E_Asia	jlSCF_16	968756	998162	0.0175162447449288	457	17716	1011404	29642
E_Asia	jlSCF_16	998162	1139276	0.0996192845819629	1204	265693	2667084	75628
MENA	jlSCF_16	998162	1139276	0.1690744014707021	1204	24004	141973	2507
N_Europe	jlSCF_16	998162	1139276	0.2040663186660719	1204	280923	1376626	346298
NYC	jlSCF_16	998162	1139276	0.170360267388814	1204	1716340	10074767	20773
E_Asia	jlSCF_16	1226132	1231873	0.1648351136215349	95	35369	214572	1838
MENA	jlSCF_16	1226132	1231873	0.2027326084864812	95	2107	10393	1007
N_Europe	jlSCF_16	1226132	1231873	0.2088672638806784	95	22966	109955	25990
NYC	jlSCF_16	1226132	1231873	0.2038629661468133	95	161973	794519	2056
MENA	jlSCF_16	1231873	1328272	0.2130439262286636	1461	31016	145585	29735
NYC	jlSCF_16	1231873	1328272	0.0736899509691549	1461	900075	12214352	36133
E_Asia	jlSCF_16	1231873	1328272	0.0147093447993894	1461	48605	3304362	23796
N_Europe	jlSCF_16	1231873	1328272	0.133797361514181	1461	231440	1729780	360911
MENA	jlSCF_16	1328272	1394232	0.2442360214256981	403	11536	47233	1127
N_Europe	jlSCF_16	1328272	1394232	0.2234116846867955	403	98212	439601	137092
NYC	jlSCF_16	1328272	1394232	0.1512092192632727	403	508366	3362004	17151
E_Asia	jlSCF_16	1328272	1394232	0.1649424927257118	403	150050	909711	8323
NYC	jlSCF_16	1394232	1441266	0.1754822594112267	728	1057567	6026632	77648
N_Europe	jlSCF_16	1394232	1441266	0.1859832295143908	728	160959	865449	176319
MENA	jlSCF_16	1394232	1441266	0.1917254160457807	728	15311	79859	7501
E_Asia	jlSCF_16	1394232	1441266	0.1208921950547192	728	195602	1617987	40397
NYC	jlSCF_16	1710121	1785024	0.1307781262171397	299	325699	2490470	16645
N_Europe	jlSCF_16	1710121	1785024	0.2057574763707922	299	69009	335390	92479
MENA	jlSCF_16	1710121	1785024	0.0892180601053981	299	3132	35105	775
E_Asia	jlSCF_16	1710121	1785024	0.0654053369300357	299	43886	670985	10137
MENA	jlSCF_16	2756076	2820849	0.1014851915618858	1005	11671	115002	5598
N_Europe	jlSCF_16	2756076	2820849	0.0648253043462624	1005	72100	1112220	325935
NYC	jlSCF_16	2756076	2820849	0.0953521479406224	1005	794035	8327395	99530
E_Asia	jlSCF_16	2756076	2820849	0.0822226884481078	1005	184980	2249744	39646
NYC	jlSCF_16	2820849	2865585	0.1591994407749148	242	321573	2019938	9232
E_Asia	jlSCF_16	2820849	2865585	0.0641942563623628	242	34368	535375	15901
MENA	jlSCF_16	2820849	2865585	0.0823648673111038	242	2275	27621	1419
N_Europe	jlSCF_16	2820849	2865585	0.1194898603606764	242	34057	285020	61282
E_Asia	jlSCF_16	3227612	3318886	0.0644851575867036	866	122037	1892482	80266
NYC	jlSCF_16	3227612	3318886	0.2168980006599981	866	1566271	7221233	40177
N_Europe	jlSCF_16	3227612	3318886	0.164077004814747	866	168618	1027676	211570
MENA	jlSCF_16	3227612	3318886	0.1846126046539643	866	18390	99614	4306
MENA	jlSCF_16	8907242	8982738	0.083297649933251	346	3307	39701	1819
N_Europe	jlSCF_16	8907242	8982738	0.1930589832910196	346	81746	423425	71701
E_Asia	jlSCF_16	8907242	8982738	0.0761764871435425	346	56840	746162	42026
NYC	jlSCF_16	8907242	8982738	0.1926873423397783	346	555170	2881196	20014
NYC	jlSCF_16	9196840	9328607	0.1518349044492535	261	331158	2181040	7445
N_Europe	jlSCF_16	9196840	9328607	0.2359926782445645	261	74004	313586	59905
MENA	jlSCF_16	9196840	9328607	0.1655898781883034	261	4921	29718	1602
E_Asia	jlSCF_16	9196840	9328607	0.0289484112109496	261	16218	560238	34320
N_Europe	jlSCF_16	10175899	10430546	0.2004227456094153	3241	786623	3924819	713052
MENA	jlSCF_16	10175899	10430546	0.12080017093104	3241	45230	374420	14500
E_Asia	jlSCF_16	10175899	10430546	0.1043700669420022	3241	742184	7111081	271917
NYC	jlSCF_16	10175899	10430546	0.0396150311337852	3241	1075278	27143182	32603
NYC	jlSCF_16	10430546	10449988	0.0575904646596384	379	182988	3177401	514
N_Europe	jlSCF_16	10430546	10449988	0.2501716714807346	379	114760	458725	83624
MENA	jlSCF_16	10430546	10449988	0.0244473824600468	379	1054	43113	2367
E_Asia	jlSCF_16	10430546	10449988	0.0178365044169319	379	14584	817649	45713
NYC	jlSCF_16	10449988	10462491	0.0771491166337954	201	129907	1683843	1542
N_Europe	jlSCF_16	10449988	10462491	0.2136706004577699	201	52651	246412	41219
MENA	jlSCF_16	10449988	10462491	0.0283137492954082	201	653	23063	1057
E_Asia	jlSCF_16	10449988	10462491	0.027578282786232	201	11593	420367	37511
E_Asia	jlSCF_16	11069696	11109182	0.0157842857165828	841	29448	1865653	50145
NYC	jlSCF_16	11069696	11109182	0.0263137503562106	841	185417	7046392	5393
MENA	jlSCF_16	11069696	11109182	0.0122487920475179	841	1194	97479	3441
N_Europe	jlSCF_16	11069696	11109182	0.1542679752045818	841	157034	1017930	185541
NYC	jlSCF_16	11109182	11142363	0.009234537732816	446	34525	3738682	1028
E_Asia	jlSCF_16	11109182	11142363	0.0314743854330553	446	31188	990901	25087
N_Europe	jlSCF_16	11109182	11142363	0.1592869779741	446	84453	530194	108032
MENA	jlSCF_16	11109182	11142363	0.007131491670341	446	372	52163	1357
E_Asia	jlSCF_16	11559934	11600684	0.061382668040878	703	94457	1538822	62612
MENA	jlSCF_16	11559934	11600684	0.0134533087358658	703	1072	79683	4677
N_Europe	jlSCF_16	11559934	11600684	0.2209834460817732	703	189627	858105	147888
NYC	jlSCF_16	11559934	11600684	0.0383774932070764	703	226084	5891057	3598
E_Asia	jlSCF_16	11600684	11631695	0.0312098588152145	572	38948	1247939	55077
MENA	jlSCF_16	11600684	11631695	0.0245100967857569	572	1641	66952	1688
N_Europe	jlSCF_16	11600684	11631695	0.2368481381141945	572	164271	693571	124961
NYC	jlSCF_16	11600684	11631695	0.0425985481714185	572	204104	4791337	4883
E_Asia	jlSCF_16	12166480	12215782	0.1971940062623354	487	212613	1078192	31194
MENA	jlSCF_16	12166480	12215782	0.2118480815792729	487	11987	56583	1857
NYC	jlSCF_16	12166480	12215782	0.1603184863114984	487	653302	4075026	8469
N_Europe	jlSCF_16	12166480	12215782	0.2146511849078789	487	124136	578315	118582
NYC	jlSCF_16	12215782	12340538	0.1975173348846132	2325	3840134	19442010	53115
N_Europe	jlSCF_16	12215782	12340538	0.2293374095141179	2325	640946	2794773	532302
MENA	jlSCF_16	12215782	12340538	0.1430465549348231	2325	38408	268500	10500
E_Asia	jlSCF_16	12215782	12340538	0.1403049855872672	2325	717503	5113881	182469
E_Asia	jlSCF_16	12865926	12873278	0.0066894864470465	176	2480	370731	30197
NYC	jlSCF_16	12865926	12873278	0.0810225394323156	176	119549	1475503	257
MENA	jlSCF_16	12865926	12873278	0.1852547314325245	176	3749	20237	883
N_Europe	jlSCF_16	12865926	12873278	0.1775059897318882	176	38896	219125	32731
MENA	jlSCF_16	12873278	12891122	0.1382577106631526	243	3882	28078	1082
N_Europe	jlSCF_16	12873278	12891122	0.1895222090111394	243	57064	301094	46639
NYC	jlSCF_16	12873278	12891122	0.055192740460435	243	112132	2031644	5911
E_Asia	jlSCF_16	12873278	12891122	0.0174763067340779	243	9091	520190	33364
N_Europe	jlSCF_16	12891122	13531514	0.179196091746972	7640	1683784	9396321	1536519
NYC	jlSCF_16	12891122	13531514	0.0184170573006999	7640	1177085	63912762	148638
MENA	jlSCF_16	12891122	13531514	0.1704228370320566	7640	150308	881971	34829
E_Asia	jlSCF_16	12891122	13531514	0.0630567212670908	7640	1050379	16657685	746235
E_Asia	jlSCF_16	13531514	13541030	0.0176587979538375	94	3566	201939	12193
MENA	jlSCF_16	13531514	13541030	0.1835177413201068	94	1924	10484	796
N_Europe	jlSCF_16	13531514	13541030	0.2283151949546321	94	25993	113847	20667
NYC	jlSCF_16	13531514	13541030	0.0828264758497316	94	65283	788190	0
MENA	jlSCF_16	13541030	13546405	0.2203728362183755	51	1324	6008	112
N_Europe	jlSCF_16	13541030	13546405	0.2506682506682506	51	16036	63973	9008
NYC	jlSCF_16	13541030	13546405	0.1406713669367568	51	60156	427635	0
E_Asia	jlSCF_16	13541030	13546405	0.0112484764060595	51	1292	114860	1318
NYC	jlSCF_16	14030495	14057254	0.0157239594954734	238	31359	1994345	1285
N_Europe	jlSCF_16	14030495	14057254	0.0306303116147308	238	8996	293696	46882
MENA	jlSCF_16	14030495	14057254	0.1409971305595408	238	3931	27880	680
E_Asia	jlSCF_16	14030495	14057254	0.0260158381805086	238	13834	531753	10411
NYC	jlSCF_16	14612615	14631591	0.1714279800548111	187	265034	1546037	21958
N_Europe	jlSCF_16	14612615	14631591	0.3164500424315512	187	70850	223890	43707
MENA	jlSCF_16	14612615	14631591	0.0498291960828968	187	1094	21955	485
E_Asia	jlSCF_16	14612615	14631591	0.0107151774913393	187	4420	412499	13487
E_Asia	jlSCF_16	14631591	14640470	0.0123603270553362	218	5938	480408	16196
NYC	jlSCF_16	14631591	14640470	0.165961186916677	218	302683	1823818	4112
N_Europe	jlSCF_16	14631591	14640470	0.3021656655074297	218	80283	265692	46266
MENA	jlSCF_16	14631591	14640470	0.2420331736669173	218	6114	25261	899
MENA	jlSCF_16	14640470	14670366	0.183066510477678	258	5626	30732	228
N_Europe	jlSCF_16	14640470	14670366	0.2987278798977603	258	91512	306339	62859
NYC	jlSCF_16	14640470	14670366	0.1472569027834013	258	317136	2153624	9706
E_Asia	jlSCF_16	14640470	14670366	0.0117996936870152	258	6749	571964	15760
NYC	jlSCF_16	14670366	14708956	0.1797299329320552	628	943055	5247067	18713
N_Europe	jlSCF_16	14670366	14708956	0.2733751145986998	628	203662	744991	153677
MENA	jlSCF_16	14670366	14708956	0.1322878700254192	628	9836	74353	1007
E_Asia	jlSCF_16	14670366	14708956	0.0195404048309645	628	27089	1386307	44277
MENA	jlSCF_16	14708956	14732325	0.0700699124519745	281	2225	31754	1966
NYC	jlSCF_16	14708956	14732325	0.1801144153537472	281	422362	2344965	11220
E_Asia	jlSCF_16	14708956	14732325	0.1689462820818231	281	105671	625471	14647
N_Europe	jlSCF_16	14708956	14732325	0.223411507839975	281	74390	332973	69138
E_Asia	jlSCF_16	14840439	14858593	0.0694997671615898	228	34774	500347	19037
MENA	jlSCF_16	14840439	14858593	0.020374491596961	228	531	26062	1298
N_Europe	jlSCF_16	14840439	14858593	0.273303692949823	228	75302	275525	50743
NYC	jlSCF_16	14840439	14858593	0.1434673227186307	228	273616	1907166	4614
N_Europe	jlSCF_16	14858593	14861858	0.2198403799221687	13	3333	15161	3442
NYC	jlSCF_16	14858593	14861858	0.1992680325155405	13	21670	108748	257
MENA	jlSCF_16	14858593	14861858	0.0	13	0	1444	116
E_Asia	jlSCF_16	14858593	14861858	0.0995297805642633	13	2921	29348	266
NYC	jlSCF_16	16017479	16032267	0.2042832749819964	53	90207	441578	2827
N_Europe	jlSCF_16	16017479	16032267	0.3090468986384266	53	20428	66100	9743
MENA	jlSCF_16	16017479	16032267	0.0148722922728742	53	92	6186	174
E_Asia	jlSCF_16	16017479	16032267	0.0184695418401459	53	2116	114567	6167
N_Europe	jlSCF_16	16032267	16143012	0.2615107006344709	1545	485208	1855404	355491
E_Asia	jlSCF_16	16032267	16143012	0.0152008979889915	1545	51704	3401378	118132
MENA	jlSCF_16	16032267	16143012	0.0121242766447553	1545	2158	177990	7410
NYC	jlSCF_16	16032267	16143012	0.1317750102696366	1545	1703063	12924021	30804
NYC	jlSCF_16	16143012	16146643	0.1975951865544293	50	82791	418993	257
N_Europe	jlSCF_16	16143012	16146643	0.3004201680672269	50	18590	61880	9670
MENA	jlSCF_16	16143012	16146643	0.0310463121783876	50	181	5830	170
E_Asia	jlSCF_16	16143012	16146643	0.017537486263362	50	1931	110107	3793
N_Europe	jlSCF_16	16146643	16211125	0.2918762520958542	741	262686	899991	160380
NYC	jlSCF_16	16146643	16211125	0.1947956071944669	741	1209019	6206603	6682
E_Asia	jlSCF_16	16146643	16211125	0.0313557393684081	741	50986	1626050	61948
MENA	jlSCF_16	16146643	16211125	0.0110417778190169	741	952	86218	2702
NYC	jlSCF_16	16211125	16245033	0.1961781531733908	319	523984	2670960	3855
N_Europe	jlSCF_16	16211125	16245033	0.2764327523840841	319	105079	380125	76364
MENA	jlSCF_16	16211125	16245033	0.0084533158813263	319	310	36672	1608
E_Asia	jlSCF_16	16211125	16245033	0.0279423805393572	319	19555	699833	26849
MENA	jlSCF_16	16392848	16404782	0.014455293892399	177	302	20892	348
N_Europe	jlSCF_16	16392848	16404782	0.3179147577794587	177	66826	210201	43086
NYC	jlSCF_16	16392848	16404782	0.2398170050694541	177	354939	1480041	4104
E_Asia	jlSCF_16	16392848	16404782	0.0159008439678721	177	6240	392432	10774
NYC	jlSCF_16	17152850	17211586	0.2178015468317934	544	989915	4545032	16408
N_Europe	jlSCF_16	17152850	17211586	0.2529656570823697	544	164178	649013	129451
MENA	jlSCF_16	17152850	17211586	0.01785291844749	544	1132	63407	1873
E_Asia	jlSCF_16	17152850	17211586	0.0234010296053179	544	28092	1200460	38772
MENA	jlSCF_16	17211586	17373641	0.0116906790058541	1980	2668	228216	9384
N_Europe	jlSCF_16	17211586	17373641	0.2352904370281571	1980	567821	2413277	420103
NYC	jlSCF_16	17211586	17373641	0.1880667949745979	1980	3115589	16566396	35904
E_Asia	jlSCF_16	17211586	17373641	0.0308472310219419	1980	134328	4354621	155819
N_Europe	jlSCF_16	17373641	17384382	0.2449805235722059	113	34213	139656	22047
NYC	jlSCF_16	17373641	17384382	0.1491067282806092	113	140974	945457	2048
MENA	jlSCF_16	17373641	17384382	0.0151908396946564	113	199	13100	460
E_Asia	jlSCF_16	17373641	17384382	0.0181863739603456	113	4500	247438	9976
NYC	jlSCF_16	17384382	17495733	0.1649134224397198	1376	1899015	11515224	22536
N_Europe	jlSCF_16	17384382	17495733	0.2500020812199041	1376	420430	1681706	287350
MENA	jlSCF_16	17384382	17495733	0.0218245006524139	1376	3479	159408	5712
E_Asia	jlSCF_16	17384382	17495733	0.0309534644090176	1376	93394	3017239	117289
MENA	jlSCF_16	17495733	17524442	0.0118291014140185	285	389	32885	1315
NYC	jlSCF_16	17495733	17524442	0.2349453239279592	285	560549	2385870	3855
N_Europe	jlSCF_16	17495733	17524442	0.2601793176854466	285	89465	343859	63976
E_Asia	jlSCF_16	17495733	17524442	0.0290998921493286	285	17646	606394	42836
NYC	jlSCF_16	17524442	17626018	0.2400590601115887	1032	2067772	8613597	39723
MENA	jlSCF_16	17524442	17626018	0.0113909174851003	1032	1357	119130	4710
E_Asia	jlSCF_16	17524442	17626018	0.0209568786802299	1032	47118	2248331	102565
N_Europe	jlSCF_16	17524442	17626018	0.2571571168904573	1032	326669	1270309	206483
NYC	jlSCF_16	17626018	17641234	0.2269517741647655	99	188222	829348	767
N_Europe	jlSCF_16	17626018	17641234	0.2662365556537174	99	32848	123379	18290
MENA	jlSCF_16	17626018	17641234	0.0097240229672161	99	105	10798	1082
E_Asia	jlSCF_16	17626018	17641234	0.0185089547558883	99	4014	216868	8654
N_Europe	jlSCF_16	17641234	17711065	0.230714218478443	708	200983	871134	142014
MENA	jlSCF_16	17641234	17711065	0.0136330816393964	708	1114	81713	3247
E_Asia	jlSCF_16	17641234	17711065	0.0268573984276903	708	41795	1556182	56642
NYC	jlSCF_16	17641234	17711065	0.1889877227360566	708	1115861	5904410	32170
NYC	jlSCF_16	17711065	17836831	0.2316660074607882	1465	2823170	12186380	97645
N_Europe	jlSCF_16	17711065	17836831	0.0661248374512353	1465	116955	1768700	327715
MENA	jlSCF_16	17711065	17836831	0.0166979091564527	1465	2895	173375	2425
E_Asia	jlSCF_16	17711065	17836831	0.0207310906600226	1465	67647	3263070	74200
