chrom	start	end	num	list	SRR1665054.sam_MENA_rubella.bed	SRR1665063.sam_MENA_rubella.bed	SRR1665070.sam_MENA_rubella.bed	SRR6382384.sam_MENA_rubella.bed	SRR6382386.sam_MENA_rubella.bed	SRR6382397.sam_MENA_rubella.bed	SRR8904463.sam_MENA_rubella.bed	SRR8904466.sam_MENA_rubella.bed
jlSCF_9	570347	696198	1	7	0	0	0	0	0	0	1	0
jlSCF_9	696198	735815	2	1,7	1	0	0	0	0	0	1	0
jlSCF_9	735815	900643	1	7	0	0	0	0	0	0	1	0
jlSCF_9	973526	1141257	1	7	0	0	0	0	0	0	1	0
jlSCF_9	1977343	2019028	7	1,2,3,4,5,6,8	1	1	1	1	1	1	0	1
jlSCF_9	2209622	2627400	1	3	0	0	1	0	0	0	0	0
jlSCF_9	2637381	2701856	1	7	0	0	0	0	0	0	1	0
jlSCF_9	2848881	3142504	1	7	0	0	0	0	0	0	1	0
jlSCF_9	3280303	3334869	1	8	0	0	0	0	0	0	0	1
jlSCF_9	3374743	3641554	1	7	0	0	0	0	0	0	1	0
jlSCF_9	3641554	3697830	5	1,2,3,7,8	1	1	1	0	0	0	1	1
jlSCF_9	3697830	3857005	1	7	0	0	0	0	0	0	1	0
jlSCF_9	3857005	3873129	2	7,8	0	0	0	0	0	0	1	1
jlSCF_9	3873129	4014951	4	1,5,7,8	1	0	0	0	1	0	1	1
jlSCF_9	4014951	4371377	3	1,5,7	1	0	0	0	1	0	1	0
jlSCF_9	4371377	4632420	4	1,5,7,8	1	0	0	0	1	0	1	1
jlSCF_9	4632420	4642648	3	1,5,8	1	0	0	0	1	0	0	1
jlSCF_9	4642648	4669683	2	1,5	1	0	0	0	1	0	0	0
jlSCF_9	4669683	4691573	3	1,5,7	1	0	0	0	1	0	1	0
jlSCF_9	4691573	4713869	2	1,7	1	0	0	0	0	0	1	0
jlSCF_9	4713869	5131636	1	7	0	0	0	0	0	0	1	0
jlSCF_9	5131636	5216155	2	1,7	1	0	0	0	0	0	1	0
jlSCF_9	5216155	5296899	8	1,2,3,4,5,6,7,8	1	1	1	1	1	1	1	1
jlSCF_9	5296899	5322074	2	1,7	1	0	0	0	0	0	1	0
jlSCF_9	5322074	5366200	1	1	1	0	0	0	0	0	0	0
jlSCF_9	5366200	5438137	2	1,7	1	0	0	0	0	0	1	0
jlSCF_9	5438137	5482440	1	1	1	0	0	0	0	0	0	0
jlSCF_9	5482440	5487420	2	1,5	1	0	0	0	1	0	0	0
jlSCF_9	5487420	5580980	1	5	0	0	0	0	1	0	0	0
jlSCF_9	5580980	5791333	7	1,2,3,4,5,6,8	1	1	1	1	1	1	0	1
jlSCF_9	5791333	5829787	6	1,2,3,4,6,8	1	1	1	1	0	1	0	1
jlSCF_9	5829787	5930818	3	1,2,6	1	1	0	0	0	1	0	0
jlSCF_9	5930818	5972566	2	1,6	1	0	0	0	0	1	0	0
jlSCF_9	6017317	6126555	7	1,2,3,4,5,6,8	1	1	1	1	1	1	0	1
jlSCF_9	6126555	6129450	6	1,2,3,4,6,8	1	1	1	1	0	1	0	1
jlSCF_9	6501682	6650513	1	7	0	0	0	0	0	0	1	0
jlSCF_9	6896472	6918798	6	1,2,3,4,6,8	1	1	1	1	0	1	0	1
jlSCF_9	6918798	6950051	7	1,2,3,4,5,6,8	1	1	1	1	1	1	0	1
jlSCF_9	7285036	7338618	1	7	0	0	0	0	0	0	1	0
jlSCF_9	7338618	7387532	8	1,2,3,4,5,6,7,8	1	1	1	1	1	1	1	1
jlSCF_9	7387532	7691559	1	7	0	0	0	0	0	0	1	0
jlSCF_9	8713755	8732782	1	7	0	0	0	0	0	0	1	0
jlSCF_9	9677452	9680526	6	1,2,3,4,5,8	1	1	1	1	1	0	0	1
jlSCF_9	9680526	9683954	5	2,3,4,5,8	0	1	1	1	1	0	0	1
jlSCF_9	9751205	9763221	1	3	0	0	1	0	0	0	0	0
jlSCF_9	10423401	10433385	5	1,2,3,4,8	1	1	1	1	0	0	0	1
jlSCF_9	10510740	10771377	1	7	0	0	0	0	0	0	1	0
jlSCF_9	10827690	10872225	1	7	0	0	0	0	0	0	1	0
jlSCF_9	10943023	10979314	7	1,2,3,4,5,6,8	1	1	1	1	1	1	0	1
jlSCF_9	11333061	11488462	1	7	0	0	0	0	0	0	1	0
jlSCF_9	11875072	12153973	1	7	0	0	0	0	0	0	1	0
jlSCF_9	12153973	12218476	4	1,6,7,8	1	0	0	0	0	1	1	1
jlSCF_9	12218476	12352785	2	6,7	0	0	0	0	0	1	1	0
jlSCF_9	12352785	12404229	4	2,6,7,8	0	1	0	0	0	1	1	1
jlSCF_9	12404229	12453888	3	2,6,7	0	1	0	0	0	1	1	0
jlSCF_9	12453888	12462460	4	2,6,7,8	0	1	0	0	0	1	1	1
jlSCF_9	12462460	12488646	3	2,6,7	0	1	0	0	0	1	1	0
jlSCF_9	12488646	12532415	4	1,2,6,7	1	1	0	0	0	1	1	0
jlSCF_9	12532415	12646811	6	1,2,3,4,6,7	1	1	1	1	0	1	1	0
jlSCF_9	12646811	12686732	7	1,2,3,4,6,7,8	1	1	1	1	0	1	1	1
jlSCF_9	12686732	12709726	6	1,2,3,4,6,8	1	1	1	1	0	1	0	1
jlSCF_9	12709726	12758851	2	1,8	1	0	0	0	0	0	0	1
jlSCF_9	12758851	12775567	3	1,7,8	1	0	0	0	0	0	1	1
jlSCF_9	12775567	12799382	7	1,2,3,4,6,7,8	1	1	1	1	0	1	1	1
jlSCF_9	12799382	12810388	5	1,4,6,7,8	1	0	0	1	0	1	1	1
jlSCF_9	12810388	12896787	4	1,4,7,8	1	0	0	1	0	0	1	1
jlSCF_9	12896787	13059953	7	1,2,3,4,5,7,8	1	1	1	1	1	0	1	1
jlSCF_9	13059953	13081678	6	1,2,3,4,5,8	1	1	1	1	1	0	0	1
jlSCF_9	13081678	13185681	1	5	0	0	0	0	1	0	0	0
jlSCF_9	13185681	13239577	2	5,7	0	0	0	0	1	0	1	0
jlSCF_9	13239577	13289443	1	5	0	0	0	0	1	0	0	0
jlSCF_9	13289443	13340397	6	1,2,4,5,6,8	1	1	0	1	1	1	0	1
jlSCF_9	13340397	13367266	7	1,2,4,5,6,7,8	1	1	0	1	1	1	1	1
jlSCF_9	13367266	15105287	2	5,7	0	0	0	0	1	0	1	0
jlSCF_9	15105287	15172534	1	7	0	0	0	0	0	0	1	0
jlSCF_9	22036652	22041793	1	7	0	0	0	0	0	0	1	0
jlSCF_9	22041793	22060569	3	5,6,7	0	0	0	0	1	1	1	0
jlSCF_9	22060569	22359981	2	5,7	0	0	0	0	1	0	1	0
jlSCF_9	22359981	22363904	1	7	0	0	0	0	0	0	1	0
jlSCF_9	22433969	22461175	1	7	0	0	0	0	0	0	1	0
jlSCF_9	22461175	22714709	3	5,6,7	0	0	0	0	1	1	1	0
jlSCF_9	22714709	22895310	2	5,7	0	0	0	0	1	0	1	0
jlSCF_9	22895310	23001622	1	5	0	0	0	0	1	0	0	0
jlSCF_9	23001622	23155943	2	5,7	0	0	0	0	1	0	1	0
jlSCF_9	23155943	23198183	3	5,6,7	0	0	0	0	1	1	1	0
jlSCF_9	23198183	23597970	2	5,7	0	0	0	0	1	0	1	0
jlSCF_9	23597970	23615481	1	5	0	0	0	0	1	0	0	0
jlSCF_9	23615481	23672311	2	5,7	0	0	0	0	1	0	1	0
jlSCF_9	23672311	24644503	1	7	0	0	0	0	0	0	1	0
jlSCF_9	24677699	25435303	1	7	0	0	0	0	0	0	1	0
jlSCF_9	25571899	25577840	6	1,2,3,4,6,8	1	1	1	1	0	1	0	1
jlSCF_9	26199048	26229360	1	3	0	0	1	0	0	0	0	0
jlSCF_9	26496068	26871297	3	2,4,8	0	1	0	1	0	0	0	1
jlSCF_9	26871297	26892011	4	2,4,6,8	0	1	0	1	0	1	0	1
jlSCF_9	26892011	27075291	2	4,8	0	0	0	1	0	0	0	1
jlSCF_9	27075291	27131989	3	4,7,8	0	0	0	1	0	0	1	1
jlSCF_9	27131989	27216066	2	4,8	0	0	0	1	0	0	0	1
jlSCF_9	27216066	27244957	1	8	0	0	0	0	0	0	0	1
jlSCF_9	27244957	27516325	2	3,8	0	0	1	0	0	0	0	1
jlSCF_9	27516325	27613180	1	3	0	0	1	0	0	0	0	0
jlSCF_9	27613180	27747650	2	3,7	0	0	1	0	0	0	1	0
jlSCF_9	27747650	27829841	3	3,7,8	0	0	1	0	0	0	1	1
jlSCF_9	27829841	27844170	2	3,8	0	0	1	0	0	0	0	1
jlSCF_9	27844170	27861642	3	2,3,8	0	1	1	0	0	0	0	1
jlSCF_9	27861642	27933559	6	2,3,4,5,6,8	0	1	1	1	1	1	0	1
jlSCF_9	27933559	27954391	2	2,8	0	1	0	0	0	0	0	1
jlSCF_9	27954391	28000318	3	2,7,8	0	1	0	0	0	0	1	1
jlSCF_9	28000318	28217289	2	7,8	0	0	0	0	0	0	1	1
jlSCF_9	28217289	43515947	1	8	0	0	0	0	0	0	0	1
jlSCF_10	0	252166	1	7	0	0	0	0	0	0	1	0
jlSCF_10	317541	387231	1	8	0	0	0	0	0	0	0	1
jlSCF_10	387231	472125	2	7,8	0	0	0	0	0	0	1	1
jlSCF_10	472125	576033	8	1,2,3,4,5,6,7,8	1	1	1	1	1	1	1	1
jlSCF_10	576033	729537	3	1,7,8	1	0	0	0	0	0	1	1
jlSCF_10	729537	804924	6	1,2,5,6,7,8	1	1	0	0	1	1	1	1
jlSCF_10	804924	909803	5	1,2,5,6,7	1	1	0	0	1	1	1	0
jlSCF_10	909803	997038	6	1,2,3,5,6,7	1	1	1	0	1	1	1	0
jlSCF_10	997038	1330840	7	1,2,3,5,6,7,8	1	1	1	0	1	1	1	1
jlSCF_10	1330840	1350382	6	1,2,5,6,7,8	1	1	0	0	1	1	1	1
jlSCF_10	1350382	1496745	5	1,2,5,6,8	1	1	0	0	1	1	0	1
jlSCF_10	1496745	1497231	6	1,2,5,6,7,8	1	1	0	0	1	1	1	1
jlSCF_10	1497231	1543778	7	1,2,4,5,6,7,8	1	1	0	1	1	1	1	1
jlSCF_10	1543778	1712286	8	1,2,3,4,5,6,7,8	1	1	1	1	1	1	1	1
jlSCF_10	1712286	1734650	7	1,2,3,4,5,7,8	1	1	1	1	1	0	1	1
jlSCF_10	1734650	1745493	6	1,2,4,5,7,8	1	1	0	1	1	0	1	1
jlSCF_10	1745493	1747735	5	2,4,5,7,8	0	1	0	1	1	0	1	1
jlSCF_10	1747735	1757693	4	2,4,5,8	0	1	0	1	1	0	0	1
jlSCF_10	1757693	1852309	3	2,4,5	0	1	0	1	1	0	0	0
jlSCF_10	1852309	1878652	7	1,2,3,4,5,6,8	1	1	1	1	1	1	0	1
jlSCF_10	1878652	1879189	1	2	0	1	0	0	0	0	0	0
jlSCF_10	1879189	2149147	2	2,7	0	1	0	0	0	0	1	0
jlSCF_10	2149147	2183014	1	2	0	1	0	0	0	0	0	0
jlSCF_10	2183014	2318767	2	2,7	0	1	0	0	0	0	1	0
jlSCF_10	2318767	2487029	5	2,4,6,7,8	0	1	0	1	0	1	1	1
jlSCF_10	2487029	2736964	6	2,4,5,6,7,8	0	1	0	1	1	1	1	1
jlSCF_10	2736964	3063226	5	2,4,6,7,8	0	1	0	1	0	1	1	1
jlSCF_10	3063226	3071717	6	1,2,4,6,7,8	1	1	0	1	0	1	1	1
jlSCF_10	3071717	3113600	7	1,2,4,5,6,7,8	1	1	0	1	1	1	1	1
jlSCF_10	3113600	3216096	8	1,2,3,4,5,6,7,8	1	1	1	1	1	1	1	1
jlSCF_10	3216096	3411339	6	1,2,3,4,5,7	1	1	1	1	1	0	1	0
jlSCF_10	3411339	3447902	8	1,2,3,4,5,6,7,8	1	1	1	1	1	1	1	1
jlSCF_10	3447902	3588800	7	1,3,4,5,6,7,8	1	0	1	1	1	1	1	1
jlSCF_10	3588800	3815704	8	1,2,3,4,5,6,7,8	1	1	1	1	1	1	1	1
jlSCF_10	3815704	3842271	4	2,4,6,7	0	1	0	1	0	1	1	0
jlSCF_10	3842271	3942286	3	4,6,7	0	0	0	1	0	1	1	0
jlSCF_10	3942286	3996092	4	1,4,6,7	1	0	0	1	0	1	1	0
jlSCF_10	3996092	4178476	5	1,4,5,6,7	1	0	0	1	1	1	1	0
jlSCF_10	4178476	4198531	4	1,5,6,7	1	0	0	0	1	1	1	0
jlSCF_10	4198531	4207338	3	1,6,7	1	0	0	0	0	1	1	0
jlSCF_10	4207338	4209563	2	6,7	0	0	0	0	0	1	1	0
jlSCF_10	4209563	4727850	1	6	0	0	0	0	0	1	0	0
jlSCF_10	4727850	4779665	7	1,2,3,4,5,6,8	1	1	1	1	1	1	0	1
jlSCF_10	4779665	4794421	3	3,5,6	0	0	1	0	1	1	0	0
jlSCF_10	4794421	5097899	1	6	0	0	0	0	0	1	0	0
jlSCF_10	7528364	7549638	1	6	0	0	0	0	0	1	0	0
jlSCF_10	7549638	7743039	7	1,2,3,4,5,6,8	1	1	1	1	1	1	0	1
jlSCF_10	7743039	7893814	1	6	0	0	0	0	0	1	0	0
jlSCF_10	7893814	7944145	4	2,3,4,6	0	1	1	1	0	1	0	0
jlSCF_10	7944145	8252427	1	6	0	0	0	0	0	1	0	0
jlSCF_10	10072560	10127638	1	6	0	0	0	0	0	1	0	0
jlSCF_10	10239670	10321413	1	2	0	1	0	0	0	0	0	0
jlSCF_10	10678725	10689575	1	8	0	0	0	0	0	0	0	1
jlSCF_10	10822808	10866636	1	2	0	1	0	0	0	0	0	0
jlSCF_10	10866636	10873219	2	2,5	0	1	0	0	1	0	0	0
jlSCF_10	10873219	10952782	7	1,2,3,4,5,6,8	1	1	1	1	1	1	0	1
jlSCF_10	11203598	11396065	1	2	0	1	0	0	0	0	0	0
jlSCF_10	12871613	12901850	7	1,2,3,4,5,6,8	1	1	1	1	1	1	0	1
jlSCF_10	17177896	17206107	7	1,2,3,4,5,6,8	1	1	1	1	1	1	0	1
jlSCF_10	17206107	17209908	1	3	0	0	1	0	0	0	0	0
jlSCF_10	17280789	17298590	5	1,2,3,4,8	1	1	1	1	0	0	0	1
jlSCF_10	17395229	17461401	7	1,2,3,4,5,6,8	1	1	1	1	1	1	0	1
jlSCF_10	17461401	17470630	4	1,2,3,8	1	1	1	0	0	0	0	1
jlSCF_10	17501997	17521454	3	1,2,8	1	1	0	0	0	0	0	1
jlSCF_11	1403814	1407708	1	5	0	0	0	0	1	0	0	0
jlSCF_11	1517194	1547959	1	7	0	0	0	0	0	0	1	0
jlSCF_11	1733312	1770927	1	1	1	0	0	0	0	0	0	0
jlSCF_11	1770927	2036483	2	1,7	1	0	0	0	0	0	1	0
jlSCF_11	2036483	2054709	1	1	1	0	0	0	0	0	0	0
jlSCF_11	2054709	2065494	2	1,8	1	0	0	0	0	0	0	1
jlSCF_11	2065494	2231465	3	1,7,8	1	0	0	0	0	0	1	1
jlSCF_11	2231465	2337262	2	1,8	1	0	0	0	0	0	0	1
jlSCF_11	2337262	2430954	1	1	1	0	0	0	0	0	0	0
jlSCF_11	2430954	2444709	2	1,7	1	0	0	0	0	0	1	0
jlSCF_11	2444709	2458929	1	7	0	0	0	0	0	0	1	0
jlSCF_11	2492314	2694782	1	7	0	0	0	0	0	0	1	0
jlSCF_11	2821338	2866271	7	1,2,3,4,5,6,8	1	1	1	1	1	1	0	1
jlSCF_11	2986175	3170704	1	7	0	0	0	0	0	0	1	0
jlSCF_11	3170704	3682718	5	2,3,6,7,8	0	1	1	0	0	1	1	1
jlSCF_11	3682718	3744743	4	2,3,6,7	0	1	1	0	0	1	1	0
jlSCF_11	3744743	3762815	1	7	0	0	0	0	0	0	1	0
jlSCF_11	4061369	4083637	5	1,2,3,4,8	1	1	1	1	0	0	0	1
jlSCF_11	4110997	4426633	1	7	0	0	0	0	0	0	1	0
jlSCF_11	4755848	4790917	6	1,2,3,4,6,8	1	1	1	1	0	1	0	1
jlSCF_11	4922410	4939789	4	1,2,3,8	1	1	1	0	0	0	0	1
jlSCF_11	5533650	5621716	1	7	0	0	0	0	0	0	1	0
jlSCF_11	5700396	5953787	1	7	0	0	0	0	0	0	1	0
jlSCF_11	5953787	6058966	4	1,5,7,8	1	0	0	0	1	0	1	1
jlSCF_11	6058966	6098914	8	1,2,3,4,5,6,7,8	1	1	1	1	1	1	1	1
jlSCF_11	6098914	6150485	6	1,2,5,6,7,8	1	1	0	0	1	1	1	1
jlSCF_11	6150485	6175898	4	2,5,6,7	0	1	0	0	1	1	1	0
jlSCF_11	6175898	6250995	6	1,2,5,6,7,8	1	1	0	0	1	1	1	1
jlSCF_11	6250995	6272158	5	1,2,5,6,8	1	1	0	0	1	1	0	1
jlSCF_11	6272158	6274445	3	1,2,8	1	1	0	0	0	0	0	1
jlSCF_11	6274445	6310026	1	2	0	1	0	0	0	0	0	0
jlSCF_11	6397018	6416732	1	7	0	0	0	0	0	0	1	0
jlSCF_11	6845944	6852062	1	7	0	0	0	0	0	0	1	0
jlSCF_11	7998034	8021105	1	2	0	1	0	0	0	0	0	0
jlSCF_11	8021105	8059389	2	2,4	0	1	0	1	0	0	0	0
jlSCF_11	8059389	8079036	1	2	0	1	0	0	0	0	0	0
jlSCF_11	8457896	8476681	3	3,6,8	0	0	1	0	0	1	0	1
jlSCF_11	8476794	8490856	1	7	0	0	0	0	0	0	1	0
jlSCF_11	8847270	8880534	1	1	1	0	0	0	0	0	0	0
jlSCF_11	9179311	9193797	1	6	0	0	0	0	0	1	0	0
jlSCF_11	9193797	9266194	2	6,7	0	0	0	0	0	1	1	0
jlSCF_11	9266194	9268917	1	6	0	0	0	0	0	1	0	0
jlSCF_11	9268917	9275722	2	3,6	0	0	1	0	0	1	0	0
jlSCF_11	9275722	9296473	1	6	0	0	0	0	0	1	0	0
jlSCF_11	9296473	9359240	2	6,7	0	0	0	0	0	1	1	0
jlSCF_11	9359240	9422646	4	1,3,6,7	1	0	1	0	0	1	1	0
jlSCF_11	9422646	9464453	8	1,2,3,4,5,6,7,8	1	1	1	1	1	1	1	1
jlSCF_11	9464453	9515198	3	1,6,7	1	0	0	0	0	1	1	0
jlSCF_11	9515198	9555580	2	6,7	0	0	0	0	0	1	1	0
jlSCF_11	9555580	9578925	3	1,6,7	1	0	0	0	0	1	1	0
jlSCF_11	9578925	9631542	2	6,7	0	0	0	0	0	1	1	0
jlSCF_11	9631542	9635720	1	6	0	0	0	0	0	1	0	0
jlSCF_11	9735460	10130478	1	7	0	0	0	0	0	0	1	0
jlSCF_11	10229467	10355872	1	7	0	0	0	0	0	0	1	0
jlSCF_11	10750180	10832213	1	6	0	0	0	0	0	1	0	0
jlSCF_11	15150483	15219729	1	7	0	0	0	0	0	0	1	0
jlSCF_11	15373222	15620828	1	7	0	0	0	0	0	0	1	0
jlSCF_11	15879555	15911487	1	7	0	0	0	0	0	0	1	0
jlSCF_11	15911487	15985542	7	1,3,4,5,6,7,8	1	0	1	1	1	1	1	1
jlSCF_11	15985542	16006305	3	5,6,7	0	0	0	0	1	1	1	0
jlSCF_11	16006305	16042381	2	5,6	0	0	0	0	1	1	0	0
jlSCF_11	16042381	16114486	3	2,5,6	0	1	0	0	1	1	0	0
jlSCF_11	16114486	16279662	7	1,2,3,4,5,6,8	1	1	1	1	1	1	0	1
jlSCF_11	16279662	16287294	8	1,2,3,4,5,6,7,8	1	1	1	1	1	1	1	1
jlSCF_11	16287294	16319185	2	2,7	0	1	0	0	0	0	1	0
jlSCF_11	16319185	16520748	1	2	0	1	0	0	0	0	0	0
jlSCF_11	16520748	16662079	2	2,7	0	1	0	0	0	0	1	0
jlSCF_11	16662079	16678270	4	2,3,7,8	0	1	1	0	0	0	1	1
jlSCF_11	16678270	16748986	8	1,2,3,4,5,6,7,8	1	1	1	1	1	1	1	1
jlSCF_11	16748986	16887252	2	2,7	0	1	0	0	0	0	1	0
jlSCF_11	16887252	16941727	1	7	0	0	0	0	0	0	1	0
jlSCF_11	16941727	17000419	2	2,7	0	1	0	0	0	0	1	0
jlSCF_11	17000419	17120587	1	2	0	1	0	0	0	0	0	0
jlSCF_11	17120587	17354344	2	2,7	0	1	0	0	0	0	1	0
jlSCF_11	17354344	17631413	1	2	0	1	0	0	0	0	0	0
jlSCF_11	17673663	17706818	1	2	0	1	0	0	0	0	0	0
jlSCF_11	17745892	17939105	1	2	0	1	0	0	0	0	0	0
jlSCF_11	18017539	18085608	1	2	0	1	0	0	0	0	0	0
jlSCF_12	293179	335957	5	1,2,3,4,8	1	1	1	1	0	0	0	1
jlSCF_12	428550	587146	1	7	0	0	0	0	0	0	1	0
jlSCF_12	587146	627608	4	1,4,7,8	1	0	0	1	0	0	1	1
jlSCF_12	627608	707913	5	1,4,6,7,8	1	0	0	1	0	1	1	1
jlSCF_12	707913	863387	2	1,7	1	0	0	0	0	0	1	0
jlSCF_12	863387	905907	1	7	0	0	0	0	0	0	1	0
jlSCF_12	905907	1004199	2	1,7	1	0	0	0	0	0	1	0
jlSCF_12	1004199	1242038	1	7	0	0	0	0	0	0	1	0
jlSCF_12	1242038	1260211	7	1,2,3,4,6,7,8	1	1	1	1	0	1	1	1
jlSCF_12	1260211	1278117	6	1,2,3,4,6,8	1	1	1	1	0	1	0	1
jlSCF_12	1278117	1537076	7	1,2,3,4,5,6,8	1	1	1	1	1	1	0	1
jlSCF_12	1537076	1627884	8	1,2,3,4,5,6,7,8	1	1	1	1	1	1	1	1
jlSCF_12	1627884	1794452	7	1,2,3,4,5,6,8	1	1	1	1	1	1	0	1
jlSCF_12	1794452	1830436	4	2,3,4,6	0	1	1	1	0	1	0	0
jlSCF_12	1830436	2291555	5	2,3,4,6,8	0	1	1	1	0	1	0	1
jlSCF_12	2291555	2295201	4	2,3,4,8	0	1	1	1	0	0	0	1
jlSCF_12	2540149	2584408	1	1	1	0	0	0	0	0	0	0
jlSCF_12	2584408	2616288	6	1,2,3,4,6,8	1	1	1	1	0	1	0	1
jlSCF_12	2616288	2652624	4	1,2,3,6	1	1	1	0	0	1	0	0
jlSCF_12	2652624	2662857	3	1,2,3	1	1	1	0	0	0	0	0
jlSCF_12	4095793	4120160	1	7	0	0	0	0	0	0	1	0
jlSCF_12	6829600	6895600	5	1,2,3,4,8	1	1	1	1	0	0	0	1
jlSCF_12	7292343	7338162	1	3	0	0	1	0	0	0	0	0
jlSCF_12	7338162	7380185	5	1,2,3,4,8	1	1	1	1	0	0	0	1
jlSCF_12	7380185	7394835	1	2	0	1	0	0	0	0	0	0
jlSCF_12	8881835	9024645	1	7	0	0	0	0	0	0	1	0
jlSCF_12	9024645	9069492	3	2,7,8	0	1	0	0	0	0	1	1
jlSCF_12	9069492	9124843	8	1,2,3,4,5,6,7,8	1	1	1	1	1	1	1	1
jlSCF_12	9124843	9155675	7	2,3,4,5,6,7,8	0	1	1	1	1	1	1	1
jlSCF_12	9155675	9175794	8	1,2,3,4,5,6,7,8	1	1	1	1	1	1	1	1
jlSCF_12	9175794	9236713	4	2,5,7,8	0	1	0	0	1	0	1	1
jlSCF_12	9236713	9246539	6	1,2,3,5,7,8	1	1	1	0	1	0	1	1
jlSCF_12	9246539	9268528	4	2,5,7,8	0	1	0	0	1	0	1	1
jlSCF_12	9268528	9273715	3	2,5,8	0	1	0	0	1	0	0	1
jlSCF_12	9273715	9283453	2	2,8	0	1	0	0	0	0	0	1
jlSCF_12	9283453	9288916	3	2,7,8	0	1	0	0	0	0	1	1
jlSCF_12	9288916	9291043	4	2,5,7,8	0	1	0	0	1	0	1	1
jlSCF_12	9291043	9332717	8	1,2,3,4,5,6,7,8	1	1	1	1	1	1	1	1
jlSCF_12	9332717	9355894	7	2,3,4,5,6,7,8	0	1	1	1	1	1	1	1
jlSCF_12	9355894	9388672	6	2,3,4,5,7,8	0	1	1	1	1	0	1	1
jlSCF_12	9388672	9714437	1	7	0	0	0	0	0	0	1	0
jlSCF_12	9714437	9734162	7	1,2,3,4,5,7,8	1	1	1	1	1	0	1	1
jlSCF_12	9734162	9907705	1	7	0	0	0	0	0	0	1	0
jlSCF_12	9907705	10016106	2	7,8	0	0	0	0	0	0	1	1
jlSCF_12	10016106	10040059	1	8	0	0	0	0	0	0	0	1
jlSCF_12	10040059	10048105	2	7,8	0	0	0	0	0	0	1	1
jlSCF_12	10048105	10090568	5	1,3,5,7,8	1	0	1	0	1	0	1	1
jlSCF_12	10090568	10091750	4	1,3,5,8	1	0	1	0	1	0	0	1
jlSCF_12	10091750	10117911	7	1,2,3,4,5,6,8	1	1	1	1	1	1	0	1
jlSCF_12	10117911	10148992	5	1,3,5,6,8	1	0	1	0	1	1	0	1
jlSCF_12	10148992	10198941	1	8	0	0	0	0	0	0	0	1
jlSCF_12	10213544	10329038	1	7	0	0	0	0	0	0	1	0
jlSCF_12	10374263	10432544	1	7	0	0	0	0	0	0	1	0
jlSCF_12	10432544	10829101	8	1,2,3,4,5,6,7,8	1	1	1	1	1	1	1	1
jlSCF_12	10829101	11059372	1	7	0	0	0	0	0	0	1	0
jlSCF_12	11059372	11123732	8	1,2,3,4,5,6,7,8	1	1	1	1	1	1	1	1
jlSCF_12	11123732	11271408	1	7	0	0	0	0	0	0	1	0
jlSCF_12	11371876	11522741	1	7	0	0	0	0	0	0	1	0
jlSCF_12	11610441	11777893	1	7	0	0	0	0	0	0	1	0
jlSCF_12	11777893	11798718	2	2,7	0	1	0	0	0	0	1	0
jlSCF_12	11798718	12029451	1	7	0	0	0	0	0	0	1	0
jlSCF_12	12106204	12164611	1	7	0	0	0	0	0	0	1	0
jlSCF_12	12164611	12216691	8	1,2,3,4,5,6,7,8	1	1	1	1	1	1	1	1
jlSCF_12	12216691	12420917	1	7	0	0	0	0	0	0	1	0
jlSCF_12	12420917	12451328	7	1,2,3,4,5,7,8	1	1	1	1	1	0	1	1
jlSCF_12	12451328	12465785	1	7	0	0	0	0	0	0	1	0
jlSCF_12	12496729	12555203	1	7	0	0	0	0	0	0	1	0
jlSCF_12	12662761	12707842	1	7	0	0	0	0	0	0	1	0
jlSCF_12	13141580	13169887	7	1,2,3,4,5,6,8	1	1	1	1	1	1	0	1
jlSCF_12	13909514	14283699	1	7	0	0	0	0	0	0	1	0
jlSCF_12	14283699	14356045	2	6,7	0	0	0	0	0	1	1	0
jlSCF_12	14356045	14471812	3	4,6,7	0	0	0	1	0	1	1	0
jlSCF_12	14471812	14493011	2	4,6	0	0	0	1	0	1	0	0
jlSCF_12	14493011	14522997	3	4,6,7	0	0	0	1	0	1	1	0
jlSCF_12	14522997	14532252	2	4,7	0	0	0	1	0	0	1	0
jlSCF_12	14532252	14662277	1	4	0	0	0	1	0	0	0	0
jlSCF_12	14662277	14796575	2	4,7	0	0	0	1	0	0	1	0
jlSCF_12	14796575	14855353	1	4	0	0	0	1	0	0	0	0
jlSCF_12	15399184	15540521	1	7	0	0	0	0	0	0	1	0
jlSCF_12	15808591	15868949	7	1,2,3,4,5,6,8	1	1	1	1	1	1	0	1
jlSCF_12	15990969	16059829	6	1,2,3,4,5,8	1	1	1	1	1	0	0	1
jlSCF_12	16059829	16103328	7	1,2,3,4,5,6,8	1	1	1	1	1	1	0	1
jlSCF_12	16103328	16130452	3	1,4,5	1	0	0	1	1	0	0	0
jlSCF_12	16130452	16171791	2	1,5	1	0	0	0	1	0	0	0
jlSCF_12	16171791	16265584	3	1,5,7	1	0	0	0	1	0	1	0
jlSCF_12	16265584	16329212	2	1,7	1	0	0	0	0	0	1	0
jlSCF_13	0	36461	6	1,2,3,5,6,8	1	1	1	0	1	1	0	1
jlSCF_13	512429	533815	1	7	0	0	0	0	0	0	1	0
jlSCF_13	652437	682110	1	7	0	0	0	0	0	0	1	0
jlSCF_13	682110	817383	2	7,8	0	0	0	0	0	0	1	1
jlSCF_13	817383	1026441	1	7	0	0	0	0	0	0	1	0
jlSCF_13	1026441	1174323	2	1,7	1	0	0	0	0	0	1	0
jlSCF_13	1174323	1262477	1	7	0	0	0	0	0	0	1	0
jlSCF_13	1262477	1443237	2	5,7	0	0	0	0	1	0	1	0
jlSCF_13	1443237	1445467	4	4,5,6,7	0	0	0	1	1	1	1	0
jlSCF_13	1445467	1458915	3	4,5,6	0	0	0	1	1	1	0	0
jlSCF_13	1458915	1468946	4	3,4,5,6	0	0	1	1	1	1	0	0
jlSCF_13	1468946	1522472	5	2,3,4,5,6	0	1	1	1	1	1	0	0
jlSCF_13	1522472	1523828	2	2,4	0	1	0	1	0	0	0	0
jlSCF_13	2407772	2646104	1	2	0	1	0	0	0	0	0	0
jlSCF_13	2680750	2895752	1	2	0	1	0	0	0	0	0	0
jlSCF_13	3030752	3071048	2	1,6	1	0	0	0	0	1	0	0
jlSCF_13	3071048	3071120	3	1,6,7	1	0	0	0	0	1	1	0
jlSCF_13	3071120	3283228	8	1,2,3,4,5,6,7,8	1	1	1	1	1	1	1	1
jlSCF_13	3283228	3295147	2	1,7	1	0	0	0	0	0	1	0
jlSCF_13	3295147	3303643	1	7	0	0	0	0	0	0	1	0
jlSCF_13	3303643	3358664	2	5,7	0	0	0	0	1	0	1	0
jlSCF_13	3358664	3433536	3	5,6,7	0	0	0	0	1	1	1	0
jlSCF_13	3433536	3471021	2	5,7	0	0	0	0	1	0	1	0
jlSCF_13	3471021	3692519	1	5	0	0	0	0	1	0	0	0
jlSCF_13	3723521	4126735	1	7	0	0	0	0	0	0	1	0
jlSCF_13	4126735	4167262	7	1,2,3,4,6,7,8	1	1	1	1	0	1	1	1
jlSCF_13	4167262	4228098	6	1,2,3,4,6,8	1	1	1	1	0	1	0	1
jlSCF_13	4228098	4235620	7	1,2,3,4,6,7,8	1	1	1	1	0	1	1	1
jlSCF_13	4235620	5096736	1	7	0	0	0	0	0	0	1	0
jlSCF_13	5096736	5125458	8	1,2,3,4,5,6,7,8	1	1	1	1	1	1	1	1
jlSCF_13	5125458	5147550	2	6,7	0	0	0	0	0	1	1	0
jlSCF_13	5147550	5747088	1	7	0	0	0	0	0	0	1	0
jlSCF_13	6231172	6417003	2	1,5	1	0	0	0	1	0	0	0
jlSCF_13	6417003	6462809	3	1,5,7	1	0	0	0	1	0	1	0
jlSCF_13	6462809	6579194	2	1,5	1	0	0	0	1	0	0	0
jlSCF_13	6579194	6635701	3	1,5,7	1	0	0	0	1	0	1	0
jlSCF_13	6635701	6645858	8	1,2,3,4,5,6,7,8	1	1	1	1	1	1	1	1
jlSCF_13	6645858	6735031	7	1,2,3,4,5,6,8	1	1	1	1	1	1	0	1
jlSCF_13	6735031	6812011	3	2,6,8	0	1	0	0	0	1	0	1
jlSCF_13	6812011	6847819	5	1,2,5,6,8	1	1	0	0	1	1	0	1
jlSCF_13	6847819	6858831	6	1,2,5,6,7,8	1	1	0	0	1	1	1	1
jlSCF_13	6858831	6956401	5	1,2,5,6,7	1	1	0	0	1	1	1	0
jlSCF_13	6956401	6964323	2	2,7	0	1	0	0	0	0	1	0
jlSCF_13	6964323	7029899	1	2	0	1	0	0	0	0	0	0
jlSCF_13	7063726	7075545	1	7	0	0	0	0	0	0	1	0
jlSCF_13	7075545	7141228	2	2,7	0	1	0	0	0	0	1	0
jlSCF_13	7141228	7191095	1	2	0	1	0	0	0	0	0	0
jlSCF_13	7191095	7906368	2	2,7	0	1	0	0	0	0	1	0
jlSCF_13	7906368	7937848	1	2	0	1	0	0	0	0	0	0
jlSCF_13	7937848	8273740	2	2,7	0	1	0	0	0	0	1	0
jlSCF_13	8273740	8317037	1	7	0	0	0	0	0	0	1	0
jlSCF_13	8627062	8694720	1	7	0	0	0	0	0	0	1	0
jlSCF_13	8808489	8857467	6	1,2,4,5,6,8	1	1	0	1	1	1	0	1
jlSCF_13	9590629	9668429	1	7	0	0	0	0	0	0	1	0
jlSCF_13	9872885	10263615	1	7	0	0	0	0	0	0	1	0
jlSCF_13	10977377	11030208	1	7	0	0	0	0	0	0	1	0
jlSCF_13	11052882	11395486	1	7	0	0	0	0	0	0	1	0
jlSCF_13	11549624	12162213	1	7	0	0	0	0	0	0	1	0
jlSCF_13	13077718	13171921	1	7	0	0	0	0	0	0	1	0
jlSCF_13	13252782	13383125	1	7	0	0	0	0	0	0	1	0
jlSCF_13	13784584	13825763	7	1,2,3,4,5,6,8	1	1	1	1	1	1	0	1
jlSCF_14	188497	324754	1	2	0	1	0	0	0	0	0	0
jlSCF_14	345353	451246	1	7	0	0	0	0	0	0	1	0
jlSCF_14	451246	470212	5	1,2,3,7,8	1	1	1	0	0	0	1	1
jlSCF_14	470212	519940	8	1,2,3,4,5,6,7,8	1	1	1	1	1	1	1	1
jlSCF_14	519940	569522	7	1,2,3,4,5,6,8	1	1	1	1	1	1	0	1
jlSCF_14	569522	763030	8	1,2,3,4,5,6,7,8	1	1	1	1	1	1	1	1
jlSCF_14	763030	781910	7	1,2,3,4,5,6,8	1	1	1	1	1	1	0	1
jlSCF_14	781910	814018	3	3,4,8	0	0	1	1	0	0	0	1
jlSCF_14	814018	835615	1	8	0	0	0	0	0	0	0	1
jlSCF_14	1291022	1344804	7	1,2,3,4,5,6,8	1	1	1	1	1	1	0	1
jlSCF_14	1479867	1523887	1	7	0	0	0	0	0	0	1	0
jlSCF_14	1571514	2064002	1	7	0	0	0	0	0	0	1	0
jlSCF_14	2115768	2142293	7	1,2,3,4,5,6,8	1	1	1	1	1	1	0	1
jlSCF_14	2296643	2339753	1	6	0	0	0	0	0	1	0	0
jlSCF_14	2529491	2558806	4	2,3,4,8	0	1	1	1	0	0	0	1
jlSCF_14	2643658	2769755	1	7	0	0	0	0	0	0	1	0
jlSCF_14	2769755	2796150	2	5,7	0	0	0	0	1	0	1	0
jlSCF_14	2796150	2798572	1	5	0	0	0	0	1	0	0	0
jlSCF_14	3126389	3174865	4	1,3,4,8	1	0	1	1	0	0	0	1
jlSCF_14	3417134	3562514	1	7	0	0	0	0	0	0	1	0
jlSCF_14	3633056	3633515	7	1,2,3,4,5,6,8	1	1	1	1	1	1	0	1
jlSCF_14	3633515	3648702	8	1,2,3,4,5,6,7,8	1	1	1	1	1	1	1	1
jlSCF_14	3648702	4180198	1	7	0	0	0	0	0	0	1	0
jlSCF_14	4180198	4273609	2	5,7	0	0	0	0	1	0	1	0
jlSCF_14	4273609	4284265	3	4,5,7	0	0	0	1	1	0	1	0
jlSCF_14	4284265	4347424	1	7	0	0	0	0	0	0	1	0
jlSCF_14	4421576	4734613	1	7	0	0	0	0	0	0	1	0
jlSCF_14	4787273	5391982	1	7	0	0	0	0	0	0	1	0
jlSCF_14	5499434	5908323	1	7	0	0	0	0	0	0	1	0
jlSCF_14	6036219	6428562	1	7	0	0	0	0	0	0	1	0
jlSCF_14	6589962	7034521	1	7	0	0	0	0	0	0	1	0
jlSCF_14	7077568	7711494	1	7	0	0	0	0	0	0	1	0
jlSCF_14	7711494	7748610	8	1,2,3,4,5,6,7,8	1	1	1	1	1	1	1	1
jlSCF_14	7748610	7774297	7	1,2,3,4,5,6,7	1	1	1	1	1	1	1	0
jlSCF_14	7774297	7836492	1	7	0	0	0	0	0	0	1	0
jlSCF_14	8377982	8420610	1	7	0	0	0	0	0	0	1	0
jlSCF_14	8542525	8558640	1	7	0	0	0	0	0	0	1	0
jlSCF_14	8600726	8653670	1	7	0	0	0	0	0	0	1	0
jlSCF_14	9215181	9494008	1	7	0	0	0	0	0	0	1	0
jlSCF_14	9494008	9591033	2	6,7	0	0	0	0	0	1	1	0
jlSCF_14	9591033	9724168	1	7	0	0	0	0	0	0	1	0
jlSCF_14	9805491	9885749	1	7	0	0	0	0	0	0	1	0
jlSCF_14	9931970	10300895	1	7	0	0	0	0	0	0	1	0
jlSCF_14	10300895	10311398	5	1,3,5,7,8	1	0	1	0	1	0	1	1
jlSCF_14	10311398	10410323	4	1,3,5,8	1	0	1	0	1	0	0	1
jlSCF_14	10410323	10563519	5	1,3,5,6,8	1	0	1	0	1	1	0	1
jlSCF_14	10563519	10578345	6	1,3,5,6,7,8	1	0	1	0	1	1	1	1
jlSCF_14	10578345	10657644	1	7	0	0	0	0	0	0	1	0
jlSCF_14	10657644	10710210	2	3,7	0	0	1	0	0	0	1	0
jlSCF_14	10710210	10817897	6	2,3,4,5,6,7	0	1	1	1	1	1	1	0
jlSCF_14	10817897	10955500	2	4,7	0	0	0	1	0	0	1	0
jlSCF_14	10955500	11716335	1	7	0	0	0	0	0	0	1	0
jlSCF_14	12240099	12309649	1	7	0	0	0	0	0	0	1	0
jlSCF_14	16893050	17042208	1	7	0	0	0	0	0	0	1	0
jlSCF_14	17489039	18434944	1	7	0	0	0	0	0	0	1	0
jlSCF_14	18552104	18923589	1	7	0	0	0	0	0	0	1	0
jlSCF_14	18986556	19142586	1	7	0	0	0	0	0	0	1	0
jlSCF_14	19142586	19207494	4	1,2,4,7	1	1	0	1	0	0	1	0
jlSCF_14	19207494	19227558	3	1,2,4	1	1	0	1	0	0	0	0
jlSCF_14	19227558	19275619	4	1,2,4,7	1	1	0	1	0	0	1	0
jlSCF_14	19275619	19315465	3	1,2,4	1	1	0	1	0	0	0	0
jlSCF_14	19315465	19358161	7	1,2,3,4,5,6,8	1	1	1	1	1	1	0	1
jlSCF_14	19358161	19364476	6	1,2,3,4,5,8	1	1	1	1	1	0	0	1
jlSCF_14	19364476	19437466	1	4	0	0	0	1	0	0	0	0
jlSCF_14	19437466	19488807	2	4,7	0	0	0	1	0	0	1	0
jlSCF_14	19488807	19524395	3	4,7,8	0	0	0	1	0	0	1	1
jlSCF_14	19524395	19679419	2	7,8	0	0	0	0	0	0	1	1
jlSCF_14	19679419	19679985	1	8	0	0	0	0	0	0	0	1
jlSCF_14	20447957	20524385	5	2,4,5,6,8	0	1	0	1	1	1	0	1
jlSCF_14	20524385	20585928	6	1,2,4,5,6,8	1	1	0	1	1	1	0	1
jlSCF_14	20585928	20743391	1	1	1	0	0	0	0	0	0	0
jlSCF_14	20909145	21069452	1	7	0	0	0	0	0	0	1	0
jlSCF_14	21353167	21413991	2	1,2	1	1	0	0	0	0	0	0
jlSCF_14	21413991	21454862	3	1,2,6	1	1	0	0	0	1	0	0
jlSCF_14	21454862	21600550	4	1,2,6,7	1	1	0	0	0	1	1	0
jlSCF_14	21600550	21708911	5	1,2,5,6,7	1	1	0	0	1	1	1	0
jlSCF_14	21708911	21832293	4	1,2,5,6	1	1	0	0	1	1	0	0
jlSCF_14	21832293	22030861	5	1,2,3,5,6	1	1	1	0	1	1	0	0
jlSCF_14	22030861	22099333	6	1,2,3,5,6,7	1	1	1	0	1	1	1	0
jlSCF_14	22099333	24371099	5	2,3,5,6,7	0	1	1	0	1	1	1	0
jlSCF_14	24371099	24372683	2	2,7	0	1	0	0	0	0	1	0
jlSCF_14	24372683	24470547	1	2	0	1	0	0	0	0	0	0
jlSCF_14	24470547	26955222	2	2,7	0	1	0	0	0	0	1	0
jlSCF_14	26955222	26976818	5	2,3,5,6,7	0	1	1	0	1	1	1	0
jlSCF_14	26976818	27041470	4	2,3,5,6	0	1	1	0	1	1	0	0
jlSCF_14	27041470	27215039	5	2,3,5,6,7	0	1	1	0	1	1	1	0
jlSCF_14	27215039	27272933	6	2,3,5,6,7,8	0	1	1	0	1	1	1	1
jlSCF_14	27272933	27306321	5	2,3,6,7,8	0	1	1	0	0	1	1	1
jlSCF_14	27306321	27681762	6	2,3,4,6,7,8	0	1	1	1	0	1	1	1
jlSCF_14	27681762	27932786	8	1,2,3,4,5,6,7,8	1	1	1	1	1	1	1	1
jlSCF_14	27932786	27948639	3	3,7,8	0	0	1	0	0	0	1	1
jlSCF_14	27948639	27956860	1	7	0	0	0	0	0	0	1	0
jlSCF_15	70205	101107	1	7	0	0	0	0	0	0	1	0
jlSCF_15	101107	104141	8	1,2,3,4,5,6,7,8	1	1	1	1	1	1	1	1
jlSCF_15	104141	132175	7	1,2,3,4,5,6,8	1	1	1	1	1	1	0	1
jlSCF_15	140718	220055	1	7	0	0	0	0	0	0	1	0
jlSCF_15	274274	365506	1	7	0	0	0	0	0	0	1	0
jlSCF_15	365506	383406	3	2,7,8	0	1	0	0	0	0	1	1
jlSCF_15	383406	401775	5	2,4,6,7,8	0	1	0	1	0	1	1	1
jlSCF_15	401775	864971	1	7	0	0	0	0	0	0	1	0
jlSCF_15	1357169	1395064	7	1,2,3,4,5,6,8	1	1	1	1	1	1	0	1
jlSCF_15	2123550	2128534	1	7	0	0	0	0	0	0	1	0
jlSCF_15	2128534	2151280	6	1,2,4,6,7,8	1	1	0	1	0	1	1	1
jlSCF_15	2151280	2162548	5	1,2,4,6,8	1	1	0	1	0	1	0	1
jlSCF_15	2214499	2464149	1	7	0	0	0	0	0	0	1	0
jlSCF_15	2904734	3215204	1	2	0	1	0	0	0	0	0	0
jlSCF_15	4170273	4778544	1	7	0	0	0	0	0	0	1	0
jlSCF_15	4816426	4867646	7	1,2,3,4,5,6,8	1	1	1	1	1	1	0	1
jlSCF_15	4969401	5019888	7	1,2,3,4,5,6,8	1	1	1	1	1	1	0	1
jlSCF_15	5394988	5414712	4	1,2,3,8	1	1	1	0	0	0	0	1
jlSCF_15	5833511	5892650	1	7	0	0	0	0	0	0	1	0
jlSCF_15	6004709	6035182	6	1,2,3,4,6,8	1	1	1	1	0	1	0	1
jlSCF_15	6606467	6749470	1	5	0	0	0	0	1	0	0	0
jlSCF_15	6749470	6779858	3	3,5,8	0	0	1	0	1	0	0	1
jlSCF_15	6779858	7030458	4	3,5,7,8	0	0	1	0	1	0	1	1
jlSCF_15	7030458	7179522	7	2,3,4,5,6,7,8	0	1	1	1	1	1	1	1
jlSCF_15	7179522	7182008	8	1,2,3,4,5,6,7,8	1	1	1	1	1	1	1	1
jlSCF_15	7182008	7363757	7	1,2,3,4,5,6,8	1	1	1	1	1	1	0	1
jlSCF_15	7363757	7374545	6	1,2,3,4,5,6	1	1	1	1	1	1	0	0
jlSCF_15	7374545	7425332	7	1,2,3,4,5,6,7	1	1	1	1	1	1	1	0
jlSCF_15	7425332	7429053	6	1,2,3,5,6,7	1	1	1	0	1	1	1	0
jlSCF_15	7429053	7434191	4	1,5,6,7	1	0	0	0	1	1	1	0
jlSCF_15	7434191	7566274	1	7	0	0	0	0	0	0	1	0
jlSCF_15	7566274	7576965	8	1,2,3,4,5,6,7,8	1	1	1	1	1	1	1	1
jlSCF_15	7576965	7625951	7	1,2,3,4,5,6,8	1	1	1	1	1	1	0	1
jlSCF_15	8251090	8346127	1	6	0	0	0	0	0	1	0	0
jlSCF_15	8392295	8402833	1	6	0	0	0	0	0	1	0	0
jlSCF_15	8405818	8689033	1	7	0	0	0	0	0	0	1	0
jlSCF_15	8974305	9275590	1	7	0	0	0	0	0	0	1	0
jlSCF_15	9446131	9502274	1	2	0	1	0	0	0	0	0	0
jlSCF_15	9536383	9680420	1	2	0	1	0	0	0	0	0	0
jlSCF_15	9860084	10001331	1	6	0	0	0	0	0	1	0	0
jlSCF_15	10001331	10037239	2	2,6	0	1	0	0	0	1	0	0
jlSCF_15	10037239	10075328	1	6	0	0	0	0	0	1	0	0
jlSCF_15	10090123	10185134	1	2	0	1	0	0	0	0	0	0
jlSCF_15	10282932	10484656	1	2	0	1	0	0	0	0	0	0
jlSCF_15	10484656	10573884	4	2,3,4,8	0	1	1	1	0	0	0	1
jlSCF_15	10573884	10635488	3	3,4,8	0	0	1	1	0	0	0	1
jlSCF_15	10635488	10857286	4	2,3,4,8	0	1	1	1	0	0	0	1
jlSCF_15	10857286	10923435	7	1,2,3,4,5,6,8	1	1	1	1	1	1	0	1
jlSCF_15	10923435	10950083	4	2,3,4,8	0	1	1	1	0	0	0	1
jlSCF_15	10950083	11479805	7	1,2,3,4,5,6,8	1	1	1	1	1	1	0	1
jlSCF_15	11479805	11584559	6	1,2,3,4,5,6	1	1	1	1	1	1	0	0
jlSCF_15	11584559	11615917	5	2,3,4,5,6	0	1	1	1	1	1	0	0
jlSCF_15	11615917	12265769	3	3,4,5	0	0	1	1	1	0	0	0
jlSCF_15	12265769	12346256	2	3,5	0	0	1	0	1	0	0	0
jlSCF_15	12546218	12658137	1	5	0	0	0	0	1	0	0	0
jlSCF_15	12658137	12772265	6	1,2,3,4,5,8	1	1	1	1	1	0	0	1
jlSCF_15	12772265	13015044	1	5	0	0	0	0	1	0	0	0
jlSCF_15	13115353	18017257	1	5	0	0	0	0	1	0	0	0
jlSCF_15	18017257	18088905	2	5,7	0	0	0	0	1	0	1	0
jlSCF_15	18088905	18238117	1	5	0	0	0	0	1	0	0	0
jlSCF_15	18238117	18481811	2	5,7	0	0	0	0	1	0	1	0
jlSCF_15	18481811	18648311	3	1,5,7	1	0	0	0	1	0	1	0
jlSCF_15	18648311	18676761	2	1,5	1	0	0	0	1	0	0	0
jlSCF_15	18676761	18856705	3	1,5,7	1	0	0	0	1	0	1	0
jlSCF_15	18856705	18866170	2	1,5	1	0	0	0	1	0	0	0
jlSCF_15	18866170	19166240	3	1,4,5	1	0	0	1	1	0	0	0
jlSCF_15	19166240	19361530	4	1,4,5,6	1	0	0	1	1	1	0	0
jlSCF_15	19361530	19475892	5	1,4,5,6,7	1	0	0	1	1	1	1	0
jlSCF_15	19475892	19514600	4	1,5,6,7	1	0	0	0	1	1	1	0
jlSCF_15	19514600	19537055	3	1,5,7	1	0	0	0	1	0	1	0
jlSCF_15	19537055	19748482	1	7	0	0	0	0	0	0	1	0
jlSCF_15	19748482	19864214	2	1,7	1	0	0	0	0	0	1	0
jlSCF_15	19864214	19906817	3	1,3,7	1	0	1	0	0	0	1	0
jlSCF_15	19906817	19918965	4	1,2,3,7	1	1	1	0	0	0	1	0
jlSCF_15	19918965	19941193	8	1,2,3,4,5,6,7,8	1	1	1	1	1	1	1	1
jlSCF_15	19941193	19993944	7	1,2,4,5,6,7,8	1	1	0	1	1	1	1	1
jlSCF_15	19993944	19994942	6	1,2,4,5,6,8	1	1	0	1	1	1	0	1
jlSCF_15	19994942	20057759	7	1,2,3,4,5,6,8	1	1	1	1	1	1	0	1
jlSCF_15	20057759	20352208	8	1,2,3,4,5,6,7,8	1	1	1	1	1	1	1	1
jlSCF_15	20352208	20392987	6	1,2,3,6,7,8	1	1	1	0	0	1	1	1
jlSCF_15	20392987	20405887	1	7	0	0	0	0	0	0	1	0
jlSCF_15	20451916	20518385	1	7	0	0	0	0	0	0	1	0
jlSCF_15	20592305	20632031	1	7	0	0	0	0	0	0	1	0
jlSCF_15	20656979	20662797	6	1,2,3,5,6,8	1	1	1	0	1	1	0	1
jlSCF_15	20662797	20694254	7	1,2,3,4,5,6,8	1	1	1	1	1	1	0	1
jlSCF_15	20756893	20782739	1	7	0	0	0	0	0	0	1	0
jlSCF_15	20782739	20898909	5	1,2,4,7,8	1	1	0	1	0	0	1	1
jlSCF_15	20898909	21050850	1	7	0	0	0	0	0	0	1	0
jlSCF_15	21318784	21345123	1	5	0	0	0	0	1	0	0	0
jlSCF_15	21687329	21828772	1	7	0	0	0	0	0	0	1	0
jlSCF_16	0	560969	1	7	0	0	0	0	0	0	1	0
jlSCF_16	592676	821935	1	7	0	0	0	0	0	0	1	0
jlSCF_16	974966	995719	1	7	0	0	0	0	0	0	1	0
jlSCF_16	1053124	1158311	1	7	0	0	0	0	0	0	1	0
jlSCF_16	1158311	1425221	3	1,5,7	1	0	0	0	1	0	1	0
jlSCF_16	1425221	1441266	2	1,5	1	0	0	0	1	0	0	0
jlSCF_16	1441266	1531431	1	5	0	0	0	0	1	0	0	0
jlSCF_16	1531431	1572631	2	5,8	0	0	0	0	1	0	0	1
jlSCF_16	1733138	1863626	1	7	0	0	0	0	0	0	1	0
jlSCF_16	2000427	2266134	1	7	0	0	0	0	0	0	1	0
jlSCF_16	2266134	2302135	3	5,6,7	0	0	0	0	1	1	1	0
jlSCF_16	2302135	2402679	1	7	0	0	0	0	0	0	1	0
jlSCF_16	2607916	2743596	1	7	0	0	0	0	0	0	1	0
jlSCF_16	2743596	2820849	2	5,7	0	0	0	0	1	0	1	0
jlSCF_16	2820849	2865585	3	2,5,7	0	1	0	0	1	0	1	0
jlSCF_16	2865585	2916843	2	2,7	0	1	0	0	0	0	1	0
jlSCF_16	2916843	2963103	1	2	0	1	0	0	0	0	0	0
jlSCF_16	2963103	3010439	2	1,2	1	1	0	0	0	0	0	0
jlSCF_16	3010439	3053030	3	1,2,4	1	1	0	1	0	0	0	0
jlSCF_16	3053030	3073123	2	1,2	1	1	0	0	0	0	0	0
jlSCF_16	3073123	3150998	1	2	0	1	0	0	0	0	0	0
jlSCF_16	3217415	3227612	1	2	0	1	0	0	0	0	0	0
jlSCF_16	3227612	3270278	2	1,2	1	1	0	0	0	0	0	0
jlSCF_16	3270278	3318886	7	1,2,3,4,5,6,8	1	1	1	1	1	1	0	1
jlSCF_16	3318886	3444891	1	2	0	1	0	0	0	0	0	0
jlSCF_16	3444891	3464392	2	2,7	0	1	0	0	0	0	1	0
jlSCF_16	3595437	3613939	1	7	0	0	0	0	0	0	1	0
jlSCF_16	3613939	3659994	2	2,7	0	1	0	0	0	0	1	0
jlSCF_16	3659994	3701319	1	7	0	0	0	0	0	0	1	0
jlSCF_16	8620672	8691135	1	2	0	1	0	0	0	0	0	0
jlSCF_16	8691135	9644888	2	2,7	0	1	0	0	0	0	1	0
jlSCF_16	9644888	10057537	1	7	0	0	0	0	0	0	1	0
jlSCF_16	10057537	10130824	2	5,7	0	0	0	0	1	0	1	0
jlSCF_16	10130824	10480711	1	7	0	0	0	0	0	0	1	0
jlSCF_16	11069696	11142363	7	1,2,3,4,5,6,8	1	1	1	1	1	1	0	1
jlSCF_16	11352938	11492255	2	2,8	0	1	0	0	0	0	0	1
jlSCF_16	12557283	12592107	1	7	0	0	0	0	0	0	1	0
jlSCF_16	12592107	12733177	6	3,4,5,6,7,8	0	0	1	1	1	1	1	1
jlSCF_16	12733177	12794640	8	1,2,3,4,5,6,7,8	1	1	1	1	1	1	1	1
jlSCF_16	12794640	12891122	6	3,4,5,6,7,8	0	0	1	1	1	1	1	1
jlSCF_16	12891122	13163515	8	1,2,3,4,5,6,7,8	1	1	1	1	1	1	1	1
jlSCF_16	13163515	13205654	7	1,2,3,5,6,7,8	1	1	1	0	1	1	1	1
jlSCF_16	13205654	13251612	6	1,3,5,6,7,8	1	0	1	0	1	1	1	1
jlSCF_16	13251612	13337151	5	1,3,5,6,8	1	0	1	0	1	1	0	1
jlSCF_16	13337151	13398469	4	3,5,6,8	0	0	1	0	1	1	0	1
jlSCF_16	13398469	13411732	5	1,3,5,6,8	1	0	1	0	1	1	0	1
jlSCF_16	13411732	13495927	4	1,3,6,8	1	0	1	0	0	1	0	1
jlSCF_16	13495927	13547790	5	1,2,3,6,8	1	1	1	0	0	1	0	1
jlSCF_16	13547790	13575036	2	3,8	0	0	1	0	0	0	0	1
jlSCF_16	13575036	13593411	1	8	0	0	0	0	0	0	0	1
jlSCF_16	14030495	14057254	5	1,2,3,4,8	1	1	1	1	0	0	0	1
jlSCF_16	14525636	15726495	1	7	0	0	0	0	0	0	1	0
jlSCF_16	15763792	16017479	1	7	0	0	0	0	0	0	1	0
jlSCF_16	16017479	16061115	8	1,2,3,4,5,6,7,8	1	1	1	1	1	1	1	1
jlSCF_16	16061115	16283878	1	7	0	0	0	0	0	0	1	0
jlSCF_16	16283878	16313506	8	1,2,3,4,5,6,7,8	1	1	1	1	1	1	1	1
jlSCF_16	16313506	16389334	7	1,2,3,4,5,7,8	1	1	1	1	1	0	1	1
jlSCF_16	16389334	16404782	8	1,2,3,4,5,6,7,8	1	1	1	1	1	1	1	1
jlSCF_16	16404782	16438372	1	7	0	0	0	0	0	0	1	0
jlSCF_16	16467632	16777050	1	7	0	0	0	0	0	0	1	0
jlSCF_16	17036284	17337040	1	7	0	0	0	0	0	0	1	0
jlSCF_16	17411613	17437522	1	7	0	0	0	0	0	0	1	0
jlSCF_16	17437522	17495733	7	1,2,3,4,6,7,8	1	1	1	1	0	1	1	1
jlSCF_16	17495733	17677673	1	7	0	0	0	0	0	0	1	0
jlSCF_16	17677673	17711065	8	1,2,3,4,5,6,7,8	1	1	1	1	1	1	1	1
jlSCF_16	17711065	17836816	1	7	0	0	0	0	0	0	1	0
