chrom	start	end	num	list	ERR2990227.sam_N_Europe_rubella.bed	ERR5555037.sam_N_Europe_rubella.bed	SRR1664898.sam_N_Europe_rubella.bed	SRR1665062.sam_N_Europe_rubella.bed	SRR1665067.sam_N_Europe_rubella.bed	SRR1665071.sam_N_Europe_rubella.bed	SRR1665072.sam_N_Europe_rubella.bed	SRR1751470.sam_N_Europe_rubella.bed	SRR5406791.sam_N_Europe_rubella.bed	SRR5412136.sam_N_Europe_rubella.bed	SRR5412137.sam_N_Europe_rubella.bed	SRR5803008.sam_N_Europe_rubella.bed	SRR5803009.sam_N_Europe_rubella.bed	SRR6179229.sam_N_Europe_rubella.bed	SRR6179230.sam_N_Europe_rubella.bed	SRR6179231.sam_N_Europe_rubella.bed	SRR6382382.sam_N_Europe_rubella.bed	SRR6382383.sam_N_Europe_rubella.bed	SRR6382385.sam_N_Europe_rubella.bed	SRR6382392.sam_N_Europe_rubella.bed	SRR6382393.sam_N_Europe_rubella.bed	SRR6382399.sam_N_Europe_rubella.bed	SRR6382400.sam_N_Europe_rubella.bed	SRR8904462.sam_N_Europe_rubella.bed	SRR8904463.sam_N_Europe_rubella.bed	SRR8904464.sam_N_Europe_rubella.bed	SRR8904465.sam_N_Europe_rubella.bed
jlSCF_9	0	172846	11	4,6,10,11,12,13,17,18,21,24,26	0	0	0	1	0	1	0	0	0	1	1	1	1	0	0	0	1	1	0	0	1	0	0	1	0	1	0
jlSCF_9	172846	325192	10	4,6,10,11,12,13,17,18,24,26	0	0	0	1	0	1	0	0	0	1	1	1	1	0	0	0	1	1	0	0	0	0	0	1	0	1	0
jlSCF_9	325192	329273	11	4,6,10,11,12,13,17,18,19,24,26	0	0	0	1	0	1	0	0	0	1	1	1	1	0	0	0	1	1	1	0	0	0	0	1	0	1	0
jlSCF_9	329273	358380	13	4,6,9,10,11,12,13,17,18,19,21,24,26	0	0	0	1	0	1	0	0	1	1	1	1	1	0	0	0	1	1	1	0	1	0	0	1	0	1	0
jlSCF_9	358380	421235	14	4,6,9,10,11,12,13,17,18,19,21,22,24,26	0	0	0	1	0	1	0	0	1	1	1	1	1	0	0	0	1	1	1	0	1	1	0	1	0	1	0
jlSCF_9	421235	468397	13	6,9,10,11,12,13,17,18,19,21,22,24,26	0	0	0	0	0	1	0	0	1	1	1	1	1	0	0	0	1	1	1	0	1	1	0	1	0	1	0
jlSCF_9	468397	589331	10	6,9,10,11,12,13,17,21,22,24	0	0	0	0	0	1	0	0	1	1	1	1	1	0	0	0	1	0	0	0	1	1	0	1	0	0	0
jlSCF_9	589331	631048	6	6,9,17,21,22,24	0	0	0	0	0	1	0	0	1	0	0	0	0	0	0	0	1	0	0	0	1	1	0	1	0	0	0
jlSCF_9	631048	675831	4	6,17,21,22	0	0	0	0	0	1	0	0	0	0	0	0	0	0	0	0	1	0	0	0	1	1	0	0	0	0	0
jlSCF_9	2755140	2903007	1	5	0	0	0	0	1	0	0	0	0	0	0	0	0	0	0	0	0	0	0	0	0	0	0	0	0	0	0
jlSCF_9	2903007	2926763	4	1,4,5,7	1	0	0	1	1	0	1	0	0	0	0	0	0	0	0	0	0	0	0	0	0	0	0	0	0	0	0
jlSCF_9	2926763	2962531	13	1,4,5,6,7,9,10,11,12,13,17,18,19	1	0	0	1	1	1	1	0	1	1	1	1	1	0	0	0	1	1	1	0	0	0	0	0	0	0	0
jlSCF_9	2962531	3003609	14	1,4,5,6,7,9,10,11,12,13,17,18,19,21	1	0	0	1	1	1	1	0	1	1	1	1	1	0	0	0	1	1	1	0	1	0	0	0	0	0	0
jlSCF_9	3003609	3065766	15	1,4,5,6,7,9,10,11,12,13,17,18,19,21,25	1	0	0	1	1	1	1	0	1	1	1	1	1	0	0	0	1	1	1	0	1	0	0	0	1	0	0
jlSCF_9	3065766	3147628	16	1,4,5,6,7,9,10,11,12,13,17,18,19,21,22,25	1	0	0	1	1	1	1	0	1	1	1	1	1	0	0	0	1	1	1	0	1	1	0	0	1	0	0
jlSCF_9	3147628	3216064	6	1,4,5,7,17,22	1	0	0	1	1	0	1	0	0	0	0	0	0	0	0	0	1	0	0	0	0	1	0	0	0	0	0
jlSCF_9	3216064	3231977	5	1,4,7,17,22	1	0	0	1	0	0	1	0	0	0	0	0	0	0	0	0	1	0	0	0	0	1	0	0	0	0	0
jlSCF_9	3231977	3323006	4	1,4,17,22	1	0	0	1	0	0	0	0	0	0	0	0	0	0	0	0	1	0	0	0	0	1	0	0	0	0	0
jlSCF_9	3323006	3334869	2	17,22	0	0	0	0	0	0	0	0	0	0	0	0	0	0	0	0	1	0	0	0	0	1	0	0	0	0	0
jlSCF_9	3334869	3357898	1	22	0	0	0	0	0	0	0	0	0	0	0	0	0	0	0	0	0	0	0	0	0	1	0	0	0	0	0
jlSCF_9	3357898	3369431	2	22,25	0	0	0	0	0	0	0	0	0	0	0	0	0	0	0	0	0	0	0	0	0	1	0	0	1	0	0
jlSCF_9	3369431	3389565	1	25	0	0	0	0	0	0	0	0	0	0	0	0	0	0	0	0	0	0	0	0	0	0	0	0	1	0	0
jlSCF_9	3389565	3399541	2	3,25	0	0	1	0	0	0	0	0	0	0	0	0	0	0	0	0	0	0	0	0	0	0	0	0	1	0	0
jlSCF_9	3399541	3573648	1	3	0	0	1	0	0	0	0	0	0	0	0	0	0	0	0	0	0	0	0	0	0	0	0	0	0	0	0
jlSCF_9	3573648	3717392	3	3,23,25	0	0	1	0	0	0	0	0	0	0	0	0	0	0	0	0	0	0	0	0	0	0	1	0	1	0	0
jlSCF_9	3717392	3746737	5	3,23,24,25,26	0	0	1	0	0	0	0	0	0	0	0	0	0	0	0	0	0	0	0	0	0	0	1	1	1	1	0
jlSCF_9	3746737	3774444	6	3,7,23,24,25,26	0	0	1	0	0	0	1	0	0	0	0	0	0	0	0	0	0	0	0	0	0	0	1	1	1	1	0
jlSCF_9	3774444	3801083	8	3,6,7,22,23,24,25,26	0	0	1	0	0	1	1	0	0	0	0	0	0	0	0	0	0	0	0	0	0	1	1	1	1	1	0
jlSCF_9	3801083	3827769	15	3,4,5,6,7,9,10,11,12,19,22,23,24,25,26	0	0	1	1	1	1	1	0	1	1	1	1	0	0	0	0	0	0	1	0	0	1	1	1	1	1	0
jlSCF_9	3827769	3839617	17	3,4,5,6,7,9,10,11,12,17,18,19,22,23,24,25,26	0	0	1	1	1	1	1	0	1	1	1	1	0	0	0	0	1	1	1	0	0	1	1	1	1	1	0
jlSCF_9	3839617	3869510	18	1,3,4,5,6,7,9,10,11,12,17,18,19,22,23,24,25,26	1	0	1	1	1	1	1	0	1	1	1	1	0	0	0	0	1	1	1	0	0	1	1	1	1	1	0
jlSCF_9	3869510	3883104	15	1,3,4,5,6,7,9,17,18,19,22,23,24,25,26	1	0	1	1	1	1	1	0	1	0	0	0	0	0	0	0	1	1	1	0	0	1	1	1	1	1	0
jlSCF_9	3883104	3926538	18	1,2,3,4,5,6,7,8,9,17,18,19,21,22,23,24,25,26	1	1	1	1	1	1	1	1	1	0	0	0	0	0	0	0	1	1	1	0	1	1	1	1	1	1	0
jlSCF_9	3926538	3934557	19	1,2,3,4,5,6,7,8,9,17,18,19,20,21,22,23,24,25,26	1	1	1	1	1	1	1	1	1	0	0	0	0	0	0	0	1	1	1	1	1	1	1	1	1	1	0
jlSCF_9	3934557	4146344	23	1,2,3,4,5,6,7,8,9,10,11,12,13,17,18,19,20,21,22,23,24,25,26	1	1	1	1	1	1	1	1	1	1	1	1	1	0	0	0	1	1	1	1	1	1	1	1	1	1	0
jlSCF_9	4146344	4187231	22	2,3,4,5,6,7,8,9,10,11,12,13,17,18,19,20,21,22,23,24,25,26	0	1	1	1	1	1	1	1	1	1	1	1	1	0	0	0	1	1	1	1	1	1	1	1	1	1	0
jlSCF_9	4187231	4362815	15	2,4,5,6,7,8,9,17,18,19,20,21,22,25,26	0	1	0	1	1	1	1	1	1	0	0	0	0	0	0	0	1	1	1	1	1	1	0	0	1	1	0
jlSCF_9	4362815	4428775	14	2,4,5,6,7,8,9,17,18,19,20,21,25,26	0	1	0	1	1	1	1	1	1	0	0	0	0	0	0	0	1	1	1	1	1	0	0	0	1	1	0
jlSCF_9	4428775	4490009	13	2,4,5,6,7,8,9,17,19,20,21,25,26	0	1	0	1	1	1	1	1	1	0	0	0	0	0	0	0	1	0	1	1	1	0	0	0	1	1	0
jlSCF_9	4490009	4532304	12	2,4,5,6,7,8,9,17,19,20,25,26	0	1	0	1	1	1	1	1	1	0	0	0	0	0	0	0	1	0	1	1	0	0	0	0	1	1	0
jlSCF_9	4532304	4572505	10	4,5,6,7,8,9,17,20,25,26	0	0	0	1	1	1	1	1	1	0	0	0	0	0	0	0	1	0	0	1	0	0	0	0	1	1	0
jlSCF_9	4572505	4597640	8	5,6,8,9,17,20,25,26	0	0	0	0	1	1	0	1	1	0	0	0	0	0	0	0	1	0	0	1	0	0	0	0	1	1	0
jlSCF_9	4597640	4642648	5	5,6,8,9,20	0	0	0	0	1	1	0	1	1	0	0	0	0	0	0	0	0	0	0	1	0	0	0	0	0	0	0
jlSCF_9	4642648	4694597	4	5,8,9,20	0	0	0	0	1	0	0	1	1	0	0	0	0	0	0	0	0	0	0	1	0	0	0	0	0	0	0
jlSCF_9	4814050	4861399	1	17	0	0	0	0	0	0	0	0	0	0	0	0	0	0	0	0	1	0	0	0	0	0	0	0	0	0	0
jlSCF_9	4861399	4972444	2	6,17	0	0	0	0	0	1	0	0	0	0	0	0	0	0	0	0	1	0	0	0	0	0	0	0	0	0	0
jlSCF_9	4972444	5037284	5	6,17,18,25,26	0	0	0	0	0	1	0	0	0	0	0	0	0	0	0	0	1	1	0	0	0	0	0	0	1	1	0
jlSCF_9	5037284	5083597	10	6,8,9,17,18,19,21,24,25,26	0	0	0	0	0	1	0	1	1	0	0	0	0	0	0	0	1	1	1	0	1	0	0	1	1	1	0
jlSCF_9	5083597	5083598	9	6,8,9,17,18,19,24,25,26	0	0	0	0	0	1	0	1	1	0	0	0	0	0	0	0	1	1	1	0	0	0	0	1	1	1	0
jlSCF_9	5083598	5111243	10	2,6,8,9,17,18,19,24,25,26	0	1	0	0	0	1	0	1	1	0	0	0	0	0	0	0	1	1	1	0	0	0	0	1	1	1	0
jlSCF_9	5111243	5129136	7	2,6,8,9,17,19,25	0	1	0	0	0	1	0	1	1	0	0	0	0	0	0	0	1	0	1	0	0	0	0	0	1	0	0
jlSCF_9	5129136	5149909	8	2,5,6,8,9,17,19,25	0	1	0	0	1	1	0	1	1	0	0	0	0	0	0	0	1	0	1	0	0	0	0	0	1	0	0
jlSCF_9	5149909	5161255	9	2,5,6,8,9,17,19,23,25	0	1	0	0	1	1	0	1	1	0	0	0	0	0	0	0	1	0	1	0	0	0	1	0	1	0	0
jlSCF_9	5161255	5198644	8	2,5,6,8,9,17,19,23	0	1	0	0	1	1	0	1	1	0	0	0	0	0	0	0	1	0	1	0	0	0	1	0	0	0	0
jlSCF_9	5198644	5216481	7	5,6,8,9,17,19,23	0	0	0	0	1	1	0	1	1	0	0	0	0	0	0	0	1	0	1	0	0	0	1	0	0	0	0
jlSCF_9	5216481	5247331	9	5,6,8,9,17,19,23,24,26	0	0	0	0	1	1	0	1	1	0	0	0	0	0	0	0	1	0	1	0	0	0	1	1	0	1	0
jlSCF_9	5247331	5274806	13	5,6,8,9,10,11,12,13,17,19,23,24,26	0	0	0	0	1	1	0	1	1	1	1	1	1	0	0	0	1	0	1	0	0	0	1	1	0	1	0
jlSCF_9	5274806	5297914	10	5,6,8,9,10,11,12,13,24,26	0	0	0	0	1	1	0	1	1	1	1	1	1	0	0	0	0	0	0	0	0	0	0	1	0	1	0
jlSCF_9	5297914	5354354	5	5,10,11,12,13	0	0	0	0	1	0	0	0	0	1	1	1	1	0	0	0	0	0	0	0	0	0	0	0	0	0	0
jlSCF_9	5354354	5505615	1	5	0	0	0	0	1	0	0	0	0	0	0	0	0	0	0	0	0	0	0	0	0	0	0	0	0	0	0
jlSCF_9	5505615	5563039	3	5,6,24	0	0	0	0	1	1	0	0	0	0	0	0	0	0	0	0	0	0	0	0	0	0	0	1	0	0	0
jlSCF_9	5614200	5691172	4	10,11,12,13	0	0	0	0	0	0	0	0	0	1	1	1	1	0	0	0	0	0	0	0	0	0	0	0	0	0	0
jlSCF_9	5691172	5791333	23	3,4,5,6,7,8,9,10,11,12,13,15,16,17,18,19,20,21,22,23,24,26,27	0	0	1	1	1	1	1	1	1	1	1	1	1	0	1	1	1	1	1	1	1	1	1	1	0	1	1
jlSCF_9	5791333	5820460	19	3,4,5,6,7,8,9,11,15,16,18,19,20,21,22,23,24,26,27	0	0	1	1	1	1	1	1	1	0	1	0	0	0	1	1	0	1	1	1	1	1	1	1	0	1	1
jlSCF_9	5820460	5841454	18	3,4,6,7,8,9,11,15,16,18,19,20,21,22,23,24,26,27	0	0	1	1	0	1	1	1	1	0	1	0	0	0	1	1	0	1	1	1	1	1	1	1	0	1	1
jlSCF_9	5841454	5862447	15	3,4,6,7,8,9,11,18,19,20,21,22,23,24,26	0	0	1	1	0	1	1	1	1	0	1	0	0	0	0	0	0	1	1	1	1	1	1	1	0	1	0
jlSCF_9	5862447	5925639	14	3,4,6,7,8,9,18,19,20,21,22,23,24,26	0	0	1	1	0	1	1	1	1	0	0	0	0	0	0	0	0	1	1	1	1	1	1	1	0	1	0
jlSCF_9	6600450	6648776	4	9,17,22,25	0	0	0	0	0	0	0	0	1	0	0	0	0	0	0	0	1	0	0	0	0	1	0	0	1	0	0
jlSCF_9	6648776	6832381	3	9,17,22	0	0	0	0	0	0	0	0	1	0	0	0	0	0	0	0	1	0	0	0	0	1	0	0	0	0	0
jlSCF_9	10651061	10760364	4	3,4,7,26	0	0	1	1	0	0	1	0	0	0	0	0	0	0	0	0	0	0	0	0	0	0	0	0	0	1	0
jlSCF_9	11406837	11476047	1	25	0	0	0	0	0	0	0	0	0	0	0	0	0	0	0	0	0	0	0	0	0	0	0	0	1	0	0
jlSCF_9	11871069	11960648	2	4,7	0	0	0	1	0	0	1	0	0	0	0	0	0	0	0	0	0	0	0	0	0	0	0	0	0	0	0
jlSCF_9	11960648	12088754	5	4,7,10,11,12	0	0	0	1	0	0	1	0	0	1	1	1	0	0	0	0	0	0	0	0	0	0	0	0	0	0	0
jlSCF_9	12088754	12150237	7	2,4,7,10,11,12,13	0	1	0	1	0	0	1	0	0	1	1	1	1	0	0	0	0	0	0	0	0	0	0	0	0	0	0
jlSCF_9	12150237	12155930	8	2,4,7,10,11,12,13,18	0	1	0	1	0	0	1	0	0	1	1	1	1	0	0	0	0	1	0	0	0	0	0	0	0	0	0
jlSCF_9	12155930	12165736	9	2,4,7,10,11,12,13,18,25	0	1	0	1	0	0	1	0	0	1	1	1	1	0	0	0	0	1	0	0	0	0	0	0	1	0	0
jlSCF_9	12165736	12218477	10	2,4,7,10,11,12,13,18,24,25	0	1	0	1	0	0	1	0	0	1	1	1	1	0	0	0	0	1	0	0	0	0	0	1	1	0	0
jlSCF_9	12218477	12242171	11	2,4,7,10,11,12,13,18,19,24,25	0	1	0	1	0	0	1	0	0	1	1	1	1	0	0	0	0	1	1	0	0	0	0	1	1	0	0
jlSCF_9	12242171	12260091	15	2,4,5,7,8,10,11,12,13,18,19,21,24,25,26	0	1	0	1	1	0	1	1	0	1	1	1	1	0	0	0	0	1	1	0	1	0	0	1	1	1	0
jlSCF_9	12260091	12279816	16	2,4,5,6,7,8,10,11,12,13,18,19,21,24,25,26	0	1	0	1	1	1	1	1	0	1	1	1	1	0	0	0	0	1	1	0	1	0	0	1	1	1	0
jlSCF_9	12279816	12306052	14	2,4,5,6,8,10,11,12,13,18,19,24,25,26	0	1	0	1	1	1	0	1	0	1	1	1	1	0	0	0	0	1	1	0	0	0	0	1	1	1	0
jlSCF_9	12306052	12424789	13	2,5,6,8,10,11,12,13,18,19,24,25,26	0	1	0	0	1	1	0	1	0	1	1	1	1	0	0	0	0	1	1	0	0	0	0	1	1	1	0
jlSCF_9	12424789	12434428	14	2,5,6,8,9,10,11,12,13,18,19,24,25,26	0	1	0	0	1	1	0	1	1	1	1	1	1	0	0	0	0	1	1	0	0	0	0	1	1	1	0
jlSCF_9	12434428	12479892	13	2,5,6,8,9,10,11,12,13,18,24,25,26	0	1	0	0	1	1	0	1	1	1	1	1	1	0	0	0	0	1	0	0	0	0	0	1	1	1	0
jlSCF_9	12479892	12552713	8	8,10,11,12,13,24,25,26	0	0	0	0	0	0	0	1	0	1	1	1	1	0	0	0	0	0	0	0	0	0	0	1	1	1	0
jlSCF_9	12552713	12628788	3	8,13,25	0	0	0	0	0	0	0	1	0	0	0	0	1	0	0	0	0	0	0	0	0	0	0	0	1	0	0
jlSCF_9	12628788	12710368	2	8,25	0	0	0	0	0	0	0	1	0	0	0	0	0	0	0	0	0	0	0	0	0	0	0	0	1	0	0
jlSCF_9	12710368	12803678	3	8,9,25	0	0	0	0	0	0	0	1	1	0	0	0	0	0	0	0	0	0	0	0	0	0	0	0	1	0	0
jlSCF_9	12803678	12810923	1	25	0	0	0	0	0	0	0	0	0	0	0	0	0	0	0	0	0	0	0	0	0	0	0	0	1	0	0
jlSCF_9	12810923	13105753	2	22,25	0	0	0	0	0	0	0	0	0	0	0	0	0	0	0	0	0	0	0	0	0	1	0	0	1	0	0
jlSCF_9	13105753	13295201	1	22	0	0	0	0	0	0	0	0	0	0	0	0	0	0	0	0	0	0	0	0	0	1	0	0	0	0	0
jlSCF_9	13295201	13327346	3	16,22,27	0	0	0	0	0	0	0	0	0	0	0	0	0	0	0	1	0	0	0	0	0	1	0	0	0	0	1
jlSCF_9	13327346	13327347	2	16,27	0	0	0	0	0	0	0	0	0	0	0	0	0	0	0	1	0	0	0	0	0	0	0	0	0	0	1
jlSCF_9	13327347	13363691	3	15,16,27	0	0	0	0	0	0	0	0	0	0	0	0	0	0	1	1	0	0	0	0	0	0	0	0	0	0	1
jlSCF_9	13363691	15105287	5	14,15,16,25,27	0	0	0	0	0	0	0	0	0	0	0	0	0	1	1	1	0	0	0	0	0	0	0	0	1	0	1
jlSCF_9	22041793	22110440	18	3,4,5,7,8,9,10,11,12,13,18,19,21,22,23,24,25,26	0	0	1	1	1	0	1	1	1	1	1	1	1	0	0	0	0	1	1	0	1	1	1	1	1	1	0
jlSCF_9	22110440	22626449	17	3,5,7,8,9,10,11,12,13,18,19,21,22,23,24,25,26	0	0	1	0	1	0	1	1	1	1	1	1	1	0	0	0	0	1	1	0	1	1	1	1	1	1	0
jlSCF_9	22626449	22820932	18	3,5,6,7,8,9,10,11,12,13,18,19,21,22,23,24,25,26	0	0	1	0	1	1	1	1	1	1	1	1	1	0	0	0	0	1	1	0	1	1	1	1	1	1	0
jlSCF_9	22820932	22917576	9	3,5,6,18,19,21,24,25,26	0	0	1	0	1	1	0	0	0	0	0	0	0	0	0	0	0	1	1	0	1	0	0	1	1	1	0
jlSCF_9	22917576	23159186	4	3,5,21,25	0	0	1	0	1	0	0	0	0	0	0	0	0	0	0	0	0	0	0	0	1	0	0	0	1	0	0
jlSCF_9	23159186	23565659	2	3,25	0	0	1	0	0	0	0	0	0	0	0	0	0	0	0	0	0	0	0	0	0	0	0	0	1	0	0
jlSCF_9	23565659	23630487	1	3	0	0	1	0	0	0	0	0	0	0	0	0	0	0	0	0	0	0	0	0	0	0	0	0	0	0	0
jlSCF_9	23630487	23748104	4	3,8,18,26	0	0	1	0	0	0	0	1	0	0	0	0	0	0	0	0	0	1	0	0	0	0	0	0	0	1	0
jlSCF_9	23748104	23857274	8	3,8,10,11,12,18,25,26	0	0	1	0	0	0	0	1	0	1	1	1	0	0	0	0	0	1	0	0	0	0	0	0	1	1	0
jlSCF_9	23857274	23923732	11	3,4,6,7,8,10,11,12,18,25,26	0	0	1	1	0	1	1	1	0	1	1	1	0	0	0	0	0	1	0	0	0	0	0	0	1	1	0
jlSCF_9	23923732	23962547	13	2,3,4,6,7,8,10,11,12,13,18,25,26	0	1	1	1	0	1	1	1	0	1	1	1	1	0	0	0	0	1	0	0	0	0	0	0	1	1	0
jlSCF_9	23962547	24014202	14	2,3,4,6,7,8,10,11,12,13,18,23,25,26	0	1	1	1	0	1	1	1	0	1	1	1	1	0	0	0	0	1	0	0	0	0	1	0	1	1	0
jlSCF_9	24014202	24034004	17	2,3,4,6,7,8,9,10,11,12,13,18,19,23,24,25,26	0	1	1	1	0	1	1	1	1	1	1	1	1	0	0	0	0	1	1	0	0	0	1	1	1	1	0
jlSCF_9	24034004	24112029	16	2,3,4,6,7,9,10,11,12,13,18,19,23,24,25,26	0	1	1	1	0	1	1	0	1	1	1	1	1	0	0	0	0	1	1	0	0	0	1	1	1	1	0
jlSCF_9	24112029	24192245	18	2,3,4,6,7,9,10,11,12,13,17,18,19,21,23,24,25,26	0	1	1	1	0	1	1	0	1	1	1	1	1	0	0	0	1	1	1	0	1	0	1	1	1	1	0
jlSCF_9	24192245	24230344	19	2,3,4,6,7,9,10,11,12,13,17,18,19,21,22,23,24,25,26	0	1	1	1	0	1	1	0	1	1	1	1	1	0	0	0	1	1	1	0	1	1	1	1	1	1	0
jlSCF_9	24230344	24280921	20	2,3,4,5,6,7,9,10,11,12,13,17,18,19,21,22,23,24,25,26	0	1	1	1	1	1	1	0	1	1	1	1	1	0	0	0	1	1	1	0	1	1	1	1	1	1	0
jlSCF_9	24280921	24301969	19	3,4,5,6,7,9,10,11,12,13,17,18,19,21,22,23,24,25,26	0	0	1	1	1	1	1	0	1	1	1	1	1	0	0	0	1	1	1	0	1	1	1	1	1	1	0
jlSCF_9	24301969	24328479	10	3,4,6,7,9,17,21,22,24,25	0	0	1	1	0	1	1	0	1	0	0	0	0	0	0	0	1	0	0	0	1	1	0	1	1	0	0
jlSCF_9	24328479	24548747	2	4,25	0	0	0	1	0	0	0	0	0	0	0	0	0	0	0	0	0	0	0	0	0	0	0	0	1	0	0
jlSCF_9	24548747	24901526	1	25	0	0	0	0	0	0	0	0	0	0	0	0	0	0	0	0	0	0	0	0	0	0	0	0	1	0	0
jlSCF_9	24901526	25065024	2	8,25	0	0	0	0	0	0	0	1	0	0	0	0	0	0	0	0	0	0	0	0	0	0	0	0	1	0	0
jlSCF_9	26212843	26224862	2	22,26	0	0	0	0	0	0	0	0	0	0	0	0	0	0	0	0	0	0	0	0	0	1	0	0	0	1	0
jlSCF_9	26224862	26285353	6	6,8,18,21,22,26	0	0	0	0	0	1	0	1	0	0	0	0	0	0	0	0	0	1	0	0	1	1	0	0	0	1	0
jlSCF_9	26285353	26305850	7	6,8,9,18,21,22,26	0	0	0	0	0	1	0	1	1	0	0	0	0	0	0	0	0	1	0	0	1	1	0	0	0	1	0
jlSCF_9	26305850	26351035	6	6,8,9,18,21,26	0	0	0	0	0	1	0	1	1	0	0	0	0	0	0	0	0	1	0	0	1	0	0	0	0	1	0
jlSCF_9	26351035	26595424	7	6,7,8,9,18,21,26	0	0	0	0	0	1	1	1	1	0	0	0	0	0	0	0	0	1	0	0	1	0	0	0	0	1	0
jlSCF_9	26595424	26757501	8	6,7,8,9,18,21,24,26	0	0	0	0	0	1	1	1	1	0	0	0	0	0	0	0	0	1	0	0	1	0	0	1	0	1	0
jlSCF_9	26757501	26815862	9	6,7,8,9,18,19,21,24,26	0	0	0	0	0	1	1	1	1	0	0	0	0	0	0	0	0	1	1	0	1	0	0	1	0	1	0
jlSCF_9	26815862	26883014	8	6,7,8,9,18,19,21,26	0	0	0	0	0	1	1	1	1	0	0	0	0	0	0	0	0	1	1	0	1	0	0	0	0	1	0
jlSCF_9	26883014	26951501	5	6,7,18,19,21	0	0	0	0	0	1	1	0	0	0	0	0	0	0	0	0	0	1	1	0	1	0	0	0	0	0	0
jlSCF_9	26951501	27063751	4	7,18,19,21	0	0	0	0	0	0	1	0	0	0	0	0	0	0	0	0	0	1	1	0	1	0	0	0	0	0	0
jlSCF_9	27091861	27182466	1	25	0	0	0	0	0	0	0	0	0	0	0	0	0	0	0	0	0	0	0	0	0	0	0	0	1	0	0
jlSCF_9	27636661	28075607	1	25	0	0	0	0	0	0	0	0	0	0	0	0	0	0	0	0	0	0	0	0	0	0	0	0	1	0	0
jlSCF_10	348846	385460	10	3,4,5,7,8,20,21,22,23,24	0	0	1	1	1	0	1	1	0	0	0	0	0	0	0	0	0	0	0	1	1	1	1	1	0	0	0
jlSCF_10	385460	405757	14	2,3,4,5,7,8,9,17,20,21,22,23,24,25	0	1	1	1	1	0	1	1	1	0	0	0	0	0	0	0	1	0	0	1	1	1	1	1	1	0	0
jlSCF_10	405757	481385	22	2,3,4,5,6,7,8,9,10,11,12,13,17,18,19,20,21,22,23,24,25,26	0	1	1	1	1	1	1	1	1	1	1	1	1	0	0	0	1	1	1	1	1	1	1	1	1	1	0
jlSCF_10	481385	613833	23	1,2,3,4,5,6,7,8,9,10,11,12,13,17,18,19,20,21,22,23,24,25,26	1	1	1	1	1	1	1	1	1	1	1	1	1	0	0	0	1	1	1	1	1	1	1	1	1	1	0
jlSCF_10	613833	646686	22	1,2,3,4,5,6,7,8,9,10,11,12,13,17,18,19,21,22,23,24,25,26	1	1	1	1	1	1	1	1	1	1	1	1	1	0	0	0	1	1	1	0	1	1	1	1	1	1	0
jlSCF_10	646686	715363	21	1,2,3,4,5,6,7,9,10,11,12,13,17,18,19,21,22,23,24,25,26	1	1	1	1	1	1	1	0	1	1	1	1	1	0	0	0	1	1	1	0	1	1	1	1	1	1	0
jlSCF_10	715363	736889	18	3,4,5,7,9,10,11,12,13,17,18,19,21,22,23,24,25,26	0	0	1	1	1	0	1	0	1	1	1	1	1	0	0	0	1	1	1	0	1	1	1	1	1	1	0
jlSCF_10	736889	781861	17	3,4,5,7,9,10,11,12,17,18,19,21,22,23,24,25,26	0	0	1	1	1	0	1	0	1	1	1	1	0	0	0	0	1	1	1	0	1	1	1	1	1	1	0
jlSCF_10	781861	956208	14	3,4,5,7,9,10,11,12,17,18,19,23,25,26	0	0	1	1	1	0	1	0	1	1	1	1	0	0	0	0	1	1	1	0	0	0	1	0	1	1	0
jlSCF_10	956208	997547	15	3,4,5,6,7,9,10,11,12,17,18,19,23,25,26	0	0	1	1	1	1	1	0	1	1	1	1	0	0	0	0	1	1	1	0	0	0	1	0	1	1	0
jlSCF_10	997547	1012207	11	5,6,7,9,10,11,12,17,18,25,26	0	0	0	0	1	1	1	0	1	1	1	1	0	0	0	0	1	1	0	0	0	0	0	0	1	1	0
jlSCF_10	1012207	1222655	8	5,6,7,9,17,18,25,26	0	0	0	0	1	1	1	0	1	0	0	0	0	0	0	0	1	1	0	0	0	0	0	0	1	1	0
jlSCF_10	1222655	1238805	9	5,6,7,8,9,17,18,25,26	0	0	0	0	1	1	1	1	1	0	0	0	0	0	0	0	1	1	0	0	0	0	0	0	1	1	0
jlSCF_10	1238805	1284823	11	4,5,6,7,8,9,17,18,20,25,26	0	0	0	1	1	1	1	1	1	0	0	0	0	0	0	0	1	1	0	1	0	0	0	0	1	1	0
jlSCF_10	1284823	1372189	9	4,5,6,7,8,9,17,20,25	0	0	0	1	1	1	1	1	1	0	0	0	0	0	0	0	1	0	0	1	0	0	0	0	1	0	0
jlSCF_10	1372189	1452420	8	4,5,6,7,8,9,17,20	0	0	0	1	1	1	1	1	1	0	0	0	0	0	0	0	1	0	0	1	0	0	0	0	0	0	0
jlSCF_10	1452420	1488328	12	2,3,4,5,6,7,8,9,15,17,19,20	0	1	1	1	1	1	1	1	1	0	0	0	0	0	1	0	1	0	1	1	0	0	0	0	0	0	0
jlSCF_10	1488328	1535042	13	2,3,4,5,6,7,8,9,15,17,19,20,26	0	1	1	1	1	1	1	1	1	0	0	0	0	0	1	0	1	0	1	1	0	0	0	0	0	1	0
jlSCF_10	1535042	1559780	14	2,3,4,5,6,7,8,9,15,17,19,20,25,26	0	1	1	1	1	1	1	1	1	0	0	0	0	0	1	0	1	0	1	1	0	0	0	0	1	1	0
jlSCF_10	1559780	1587877	18	2,3,4,5,6,7,8,9,14,15,16,17,19,20,24,25,26,27	0	1	1	1	1	1	1	1	1	0	0	0	0	1	1	1	1	0	1	1	0	0	0	1	1	1	1
jlSCF_10	1587877	1646883	22	2,3,4,5,6,7,8,9,10,11,12,14,15,16,17,18,19,20,24,25,26,27	0	1	1	1	1	1	1	1	1	1	1	1	0	1	1	1	1	1	1	1	0	0	0	1	1	1	1
jlSCF_10	1646883	1646884	21	3,4,5,6,7,8,9,10,11,12,14,15,16,17,18,19,20,24,25,26,27	0	0	1	1	1	1	1	1	1	1	1	1	0	1	1	1	1	1	1	1	0	0	0	1	1	1	1
jlSCF_10	1646884	1717243	22	3,4,5,6,7,8,9,10,11,12,14,15,16,17,18,19,20,21,24,25,26,27	0	0	1	1	1	1	1	1	1	1	1	1	0	1	1	1	1	1	1	1	1	0	0	1	1	1	1
jlSCF_10	1717243	1751586	15	3,4,5,7,8,9,10,11,12,17,20,21,24,25,26	0	0	1	1	1	0	1	1	1	1	1	1	0	0	0	0	1	0	0	1	1	0	0	1	1	1	0
jlSCF_10	1751586	1772678	13	3,4,5,7,8,9,10,11,12,17,20,21,26	0	0	1	1	1	0	1	1	1	1	1	1	0	0	0	0	1	0	0	1	1	0	0	0	0	1	0
jlSCF_10	1772678	1826588	12	3,4,5,8,9,10,11,12,17,20,21,26	0	0	1	1	1	0	0	1	1	1	1	1	0	0	0	0	1	0	0	1	1	0	0	0	0	1	0
jlSCF_10	1826588	1847648	14	3,4,5,6,8,9,10,11,12,17,20,21,25,26	0	0	1	1	1	1	0	1	1	1	1	1	0	0	0	0	1	0	0	1	1	0	0	0	1	1	0
jlSCF_10	1847648	1868838	7	5,6,8,9,17,21,25	0	0	0	0	1	1	0	1	1	0	0	0	0	0	0	0	1	0	0	0	1	0	0	0	1	0	0
jlSCF_10	1868838	2137453	8	5,6,8,9,17,21,24,25	0	0	0	0	1	1	0	1	1	0	0	0	0	0	0	0	1	0	0	0	1	0	0	1	1	0	0
jlSCF_10	2137453	2177014	9	5,6,8,9,17,18,21,24,25	0	0	0	0	1	1	0	1	1	0	0	0	0	0	0	0	1	1	0	0	1	0	0	1	1	0	0
jlSCF_10	2177014	2242484	7	5,6,8,17,18,24,25	0	0	0	0	1	1	0	1	0	0	0	0	0	0	0	0	1	1	0	0	0	0	0	1	1	0	0
jlSCF_10	2242484	2723827	5	5,6,17,18,25	0	0	0	0	1	1	0	0	0	0	0	0	0	0	0	0	1	1	0	0	0	0	0	0	1	0	0
jlSCF_10	2723827	2920536	3	5,17,25	0	0	0	0	1	0	0	0	0	0	0	0	0	0	0	0	1	0	0	0	0	0	0	0	1	0	0
jlSCF_10	2920536	3000437	4	5,8,17,25	0	0	0	0	1	0	0	1	0	0	0	0	0	0	0	0	1	0	0	0	0	0	0	0	1	0	0
jlSCF_10	3000437	3066315	5	5,8,17,18,25	0	0	0	0	1	0	0	1	0	0	0	0	0	0	0	0	1	1	0	0	0	0	0	0	1	0	0
jlSCF_10	3066315	3148831	6	3,5,8,17,18,25	0	0	1	0	1	0	0	1	0	0	0	0	0	0	0	0	1	1	0	0	0	0	0	0	1	0	0
jlSCF_10	3148831	3216464	9	3,5,8,17,18,20,21,24,25	0	0	1	0	1	0	0	1	0	0	0	0	0	0	0	0	1	1	0	1	1	0	0	1	1	0	0
jlSCF_10	3216464	3224404	7	3,5,8,17,20,21,25	0	0	1	0	1	0	0	1	0	0	0	0	0	0	0	0	1	0	0	1	1	0	0	0	1	0	0
jlSCF_10	3224404	3236871	6	3,8,17,20,21,25	0	0	1	0	0	0	0	1	0	0	0	0	0	0	0	0	1	0	0	1	1	0	0	0	1	0	0
jlSCF_10	3236871	3456241	10	3,8,10,11,12,13,17,20,21,25	0	0	1	0	0	0	0	1	0	1	1	1	1	0	0	0	1	0	0	1	1	0	0	0	1	0	0
jlSCF_10	3456241	3547417	12	3,8,10,11,12,13,14,15,17,20,21,25	0	0	1	0	0	0	0	1	0	1	1	1	1	1	1	0	1	0	0	1	1	0	0	0	1	0	0
jlSCF_10	3547417	3557428	11	3,8,10,11,12,13,14,17,20,21,25	0	0	1	0	0	0	0	1	0	1	1	1	1	1	0	0	1	0	0	1	1	0	0	0	1	0	0
jlSCF_10	3557428	3606032	12	3,5,8,10,11,12,13,14,17,20,21,25	0	0	1	0	1	0	0	1	0	1	1	1	1	1	0	0	1	0	0	1	1	0	0	0	1	0	0
jlSCF_10	3606032	3837201	9	5,10,11,12,13,17,20,21,25	0	0	0	0	1	0	0	0	0	1	1	1	1	0	0	0	1	0	0	1	1	0	0	0	1	0	0
jlSCF_10	3837201	4130299	4	5,17,20,25	0	0	0	0	1	0	0	0	0	0	0	0	0	0	0	0	1	0	0	1	0	0	0	0	1	0	0
jlSCF_10	4130299	4397612	3	5,17,20	0	0	0	0	1	0	0	0	0	0	0	0	0	0	0	0	1	0	0	1	0	0	0	0	0	0	0
jlSCF_10	4397612	5077719	1	17	0	0	0	0	0	0	0	0	0	0	0	0	0	0	0	0	1	0	0	0	0	0	0	0	0	0	0
jlSCF_10	7478682	7867925	2	5,24	0	0	0	0	1	0	0	0	0	0	0	0	0	0	0	0	0	0	0	0	0	0	0	1	0	0	0
jlSCF_10	7867925	7981591	3	1,5,24	1	0	0	0	1	0	0	0	0	0	0	0	0	0	0	0	0	0	0	0	0	0	0	1	0	0	0
jlSCF_10	7981591	8048524	10	1,2,5,6,8,17,18,21,22,24	1	1	0	0	1	1	0	1	0	0	0	0	0	0	0	0	1	1	0	0	1	1	0	1	0	0	0
jlSCF_10	8048524	9836975	22	1,2,3,4,5,6,7,8,9,10,11,12,13,17,18,19,20,21,22,23,24,26	1	1	1	1	1	1	1	1	1	1	1	1	1	0	0	0	1	1	1	1	1	1	1	1	0	1	0
jlSCF_11	0	191497	4	10,11,12,13	0	0	0	0	0	0	0	0	0	1	1	1	1	0	0	0	0	0	0	0	0	0	0	0	0	0	0
jlSCF_11	191497	292590	3	10,11,12	0	0	0	0	0	0	0	0	0	1	1	1	0	0	0	0	0	0	0	0	0	0	0	0	0	0	0
jlSCF_11	2636449	2662298	2	21,22	0	0	0	0	0	0	0	0	0	0	0	0	0	0	0	0	0	0	0	0	1	1	0	0	0	0	0
jlSCF_11	2662298	2704119	5	10,11,12,21,22	0	0	0	0	0	0	0	0	0	1	1	1	0	0	0	0	0	0	0	0	1	1	0	0	0	0	0
jlSCF_11	2704119	2737353	6	10,11,12,13,21,22	0	0	0	0	0	0	0	0	0	1	1	1	1	0	0	0	0	0	0	0	1	1	0	0	0	0	0
jlSCF_11	2737353	2825034	13	5,6,7,8,9,10,11,12,13,18,21,22,24	0	0	0	0	1	1	1	1	1	1	1	1	1	0	0	0	0	1	0	0	1	1	0	1	0	0	0
jlSCF_11	2825034	2845882	12	5,6,7,8,9,10,11,12,13,18,21,24	0	0	0	0	1	1	1	1	1	1	1	1	1	0	0	0	0	1	0	0	1	0	0	1	0	0	0
jlSCF_11	2845882	2891669	5	10,11,12,13,18	0	0	0	0	0	0	0	0	0	1	1	1	1	0	0	0	0	1	0	0	0	0	0	0	0	0	0
jlSCF_11	2891669	2952556	1	18	0	0	0	0	0	0	0	0	0	0	0	0	0	0	0	0	0	1	0	0	0	0	0	0	0	0	0
jlSCF_11	2952556	3072485	2	18,22	0	0	0	0	0	0	0	0	0	0	0	0	0	0	0	0	0	1	0	0	0	1	0	0	0	0	0
jlSCF_11	3072485	3122038	3	18,22,25	0	0	0	0	0	0	0	0	0	0	0	0	0	0	0	0	0	1	0	0	0	1	0	0	1	0	0
jlSCF_11	3122038	3181463	2	22,25	0	0	0	0	0	0	0	0	0	0	0	0	0	0	0	0	0	0	0	0	0	1	0	0	1	0	0
jlSCF_11	3181463	3191104	3	20,22,25	0	0	0	0	0	0	0	0	0	0	0	0	0	0	0	0	0	0	0	1	0	1	0	0	1	0	0
jlSCF_11	3191104	3298717	5	8,20,21,22,25	0	0	0	0	0	0	0	1	0	0	0	0	0	0	0	0	0	0	0	1	1	1	0	0	1	0	0
jlSCF_11	3298717	3438021	14	5,7,8,9,10,11,12,13,17,20,21,22,24,25	0	0	0	0	1	0	1	1	1	1	1	1	1	0	0	0	1	0	0	1	1	1	0	1	1	0	0
jlSCF_11	3438021	3467570	18	4,5,6,7,8,9,10,11,12,13,17,18,19,20,21,22,24,25	0	0	0	1	1	1	1	1	1	1	1	1	1	0	0	0	1	1	1	1	1	1	0	1	1	0	0
jlSCF_11	3467570	3490003	9	5,6,7,8,17,19,21,22,25	0	0	0	0	1	1	1	1	0	0	0	0	0	0	0	0	1	0	1	0	1	1	0	0	1	0	0
jlSCF_11	3490003	3546753	8	5,6,7,8,17,21,22,25	0	0	0	0	1	1	1	1	0	0	0	0	0	0	0	0	1	0	0	0	1	1	0	0	1	0	0
jlSCF_11	3546753	3561848	6	5,6,7,17,21,25	0	0	0	0	1	1	1	0	0	0	0	0	0	0	0	0	1	0	0	0	1	0	0	0	1	0	0
jlSCF_11	3561848	3581200	7	5,6,7,17,18,21,25	0	0	0	0	1	1	1	0	0	0	0	0	0	0	0	0	1	1	0	0	1	0	0	0	1	0	0
jlSCF_11	3581200	3600027	6	5,6,17,18,21,25	0	0	0	0	1	1	0	0	0	0	0	0	0	0	0	0	1	1	0	0	1	0	0	0	1	0	0
jlSCF_11	3600027	3701419	7	5,6,9,17,18,21,25	0	0	0	0	1	1	0	0	1	0	0	0	0	0	0	0	1	1	0	0	1	0	0	0	1	0	0
jlSCF_11	3701419	3735380	4	5,9,17,21	0	0	0	0	1	0	0	0	1	0	0	0	0	0	0	0	1	0	0	0	1	0	0	0	0	0	0
jlSCF_11	6121959	6150485	2	22,25	0	0	0	0	0	0	0	0	0	0	0	0	0	0	0	0	0	0	0	0	0	1	0	0	1	0	0
jlSCF_11	6150485	6176403	1	25	0	0	0	0	0	0	0	0	0	0	0	0	0	0	0	0	0	0	0	0	0	0	0	0	1	0	0
jlSCF_11	6259099	6301567	5	10,11,12,13,18	0	0	0	0	0	0	0	0	0	1	1	1	1	0	0	0	0	1	0	0	0	0	0	0	0	0	0
jlSCF_11	6301567	6353665	6	10,11,12,13,18,24	0	0	0	0	0	0	0	0	0	1	1	1	1	0	0	0	0	1	0	0	0	0	0	1	0	0	0
jlSCF_11	6353665	6419549	1	13	0	0	0	0	0	0	0	0	0	0	0	0	1	0	0	0	0	0	0	0	0	0	0	0	0	0	0
jlSCF_11	6419550	6473666	6	5,6,7,8,21,22	0	0	0	0	1	1	1	1	0	0	0	0	0	0	0	0	0	0	0	0	1	1	0	0	0	0	0
jlSCF_11	6473666	6585505	7	5,6,7,8,17,21,22	0	0	0	0	1	1	1	1	0	0	0	0	0	0	0	0	1	0	0	0	1	1	0	0	0	0	0
jlSCF_11	6585505	6717301	6	6,7,8,17,21,22	0	0	0	0	0	1	1	1	0	0	0	0	0	0	0	0	1	0	0	0	1	1	0	0	0	0	0
jlSCF_11	8457896	8495144	1	5	0	0	0	0	1	0	0	0	0	0	0	0	0	0	0	0	0	0	0	0	0	0	0	0	0	0	0
jlSCF_11	9205255	9285549	3	3,6,8	0	0	1	0	0	1	0	1	0	0	0	0	0	0	0	0	0	0	0	0	0	0	0	0	0	0	0
jlSCF_11	9285549	9338988	4	3,6,8,24	0	0	1	0	0	1	0	1	0	0	0	0	0	0	0	0	0	0	0	0	0	0	0	1	0	0	0
jlSCF_11	16114486	16358045	5	10,11,12,18,24	0	0	0	0	0	0	0	0	0	1	1	1	0	0	0	0	0	1	0	0	0	0	0	1	0	0	0
jlSCF_11	16358045	16374051	3	10,11,12	0	0	0	0	0	0	0	0	0	1	1	1	0	0	0	0	0	0	0	0	0	0	0	0	0	0	0
jlSCF_11	16374051	16759820	4	10,11,12,19	0	0	0	0	0	0	0	0	0	1	1	1	0	0	0	0	0	0	1	0	0	0	0	0	0	0	0
jlSCF_11	17027209	17403733	4	10,11,12,13	0	0	0	0	0	0	0	0	0	1	1	1	1	0	0	0	0	0	0	0	0	0	0	0	0	0	0
jlSCF_11	17736261	17933586	3	4,6,24	0	0	0	1	0	1	0	0	0	0	0	0	0	0	0	0	0	0	0	0	0	0	0	1	0	0	0
jlSCF_12	578375	663237	2	18,24	0	0	0	0	0	0	0	0	0	0	0	0	0	0	0	0	0	1	0	0	0	0	0	1	0	0	0
jlSCF_12	663237	785979	3	17,18,24	0	0	0	0	0	0	0	0	0	0	0	0	0	0	0	0	1	1	0	0	0	0	0	1	0	0	0
jlSCF_12	785979	975913	19	3,4,5,6,7,8,9,10,11,12,17,18,19,20,21,22,23,24,26	0	0	1	1	1	1	1	1	1	1	1	1	0	0	0	0	1	1	1	1	1	1	1	1	0	1	0
jlSCF_12	1292241	1342922	4	7,9,18,26	0	0	0	0	0	0	1	0	1	0	0	0	0	0	0	0	0	1	0	0	0	0	0	0	0	1	0
jlSCF_12	1342922	1441907	8	7,9,10,11,12,13,18,26	0	0	0	0	0	0	1	0	1	1	1	1	1	0	0	0	0	1	0	0	0	0	0	0	0	1	0
jlSCF_12	1441907	1494598	7	7,9,10,11,12,18,26	0	0	0	0	0	0	1	0	1	1	1	1	0	0	0	0	0	1	0	0	0	0	0	0	0	1	0
jlSCF_12	1494598	1522704	5	10,11,12,18,26	0	0	0	0	0	0	0	0	0	1	1	1	0	0	0	0	0	1	0	0	0	0	0	0	0	1	0
jlSCF_12	1522704	1529029	9	3,8,10,11,12,18,21,24,26	0	0	1	0	0	0	0	1	0	1	1	1	0	0	0	0	0	1	0	0	1	0	0	1	0	1	0
jlSCF_12	1529029	1543360	8	3,8,10,11,12,21,24,26	0	0	1	0	0	0	0	1	0	1	1	1	0	0	0	0	0	0	0	0	1	0	0	1	0	1	0
jlSCF_12	1543360	1794353	4	3,8,21,24	0	0	1	0	0	0	0	1	0	0	0	0	0	0	0	0	0	0	0	0	1	0	0	1	0	0	0
jlSCF_12	1794353	1794354	3	3,8,21	0	0	1	0	0	0	0	1	0	0	0	0	0	0	0	0	0	0	0	0	1	0	0	0	0	0	0
jlSCF_12	1794354	1870711	9	3,8,9,10,11,12,13,15,21	0	0	1	0	0	0	0	1	1	1	1	1	1	0	1	0	0	0	0	0	1	0	0	0	0	0	0
jlSCF_12	1870711	1920047	6	8,9,10,11,12,13	0	0	0	0	0	0	0	1	1	1	1	1	1	0	0	0	0	0	0	0	0	0	0	0	0	0	0
jlSCF_12	1920047	2062420	7	8,9,10,11,12,13,22	0	0	0	0	0	0	0	1	1	1	1	1	1	0	0	0	0	0	0	0	0	1	0	0	0	0	0
jlSCF_12	2062420	2127881	6	8,10,11,12,13,22	0	0	0	0	0	0	0	1	0	1	1	1	1	0	0	0	0	0	0	0	0	1	0	0	0	0	0
jlSCF_12	2127881	2242789	7	3,8,10,11,12,13,22	0	0	1	0	0	0	0	1	0	1	1	1	1	0	0	0	0	0	0	0	0	1	0	0	0	0	0
jlSCF_12	2242789	2307950	3	3,8,22	0	0	1	0	0	0	0	1	0	0	0	0	0	0	0	0	0	0	0	0	0	1	0	0	0	0	0
jlSCF_12	2307950	2307951	2	8,22	0	0	0	0	0	0	0	1	0	0	0	0	0	0	0	0	0	0	0	0	0	1	0	0	0	0	0
jlSCF_12	2307951	2317750	3	8,22,26	0	0	0	0	0	0	0	1	0	0	0	0	0	0	0	0	0	0	0	0	0	1	0	0	0	1	0
jlSCF_12	2317750	2344202	4	8,22,24,26	0	0	0	0	0	0	0	1	0	0	0	0	0	0	0	0	0	0	0	0	0	1	0	1	0	1	0
jlSCF_12	2344202	2353026	6	8,13,21,22,24,26	0	0	0	0	0	0	0	1	0	0	0	0	1	0	0	0	0	0	0	0	1	1	0	1	0	1	0
jlSCF_12	2353026	2383199	7	8,11,13,21,22,24,26	0	0	0	0	0	0	0	1	0	0	1	0	1	0	0	0	0	0	0	0	1	1	0	1	0	1	0
jlSCF_12	2383199	2403431	10	8,10,11,12,13,20,21,22,24,26	0	0	0	0	0	0	0	1	0	1	1	1	1	0	0	0	0	0	0	1	1	1	0	1	0	1	0
jlSCF_12	2403431	2507146	12	8,10,11,12,13,18,19,20,21,22,24,26	0	0	0	0	0	0	0	1	0	1	1	1	1	0	0	0	0	1	1	1	1	1	0	1	0	1	0
jlSCF_12	2507146	2575324	14	6,7,8,10,11,12,13,18,19,20,21,22,24,26	0	0	0	0	0	1	1	1	0	1	1	1	1	0	0	0	0	1	1	1	1	1	0	1	0	1	0
jlSCF_12	2575324	2604967	13	6,7,8,10,11,12,13,18,19,20,21,24,26	0	0	0	0	0	1	1	1	0	1	1	1	1	0	0	0	0	1	1	1	1	0	0	1	0	1	0
jlSCF_12	2604967	2650141	8	8,10,11,12,13,20,21,24	0	0	0	0	0	0	0	1	0	1	1	1	1	0	0	0	0	0	0	1	1	0	0	1	0	0	0
jlSCF_12	8783670	8893523	7	6,8,10,11,12,19,21	0	0	0	0	0	1	0	1	0	1	1	1	0	0	0	0	0	0	1	0	1	0	0	0	0	0	0
jlSCF_12	8893523	8906288	8	3,6,8,10,11,12,19,21	0	0	1	0	0	1	0	1	0	1	1	1	0	0	0	0	0	0	1	0	1	0	0	0	0	0	0
jlSCF_12	8906288	8955431	9	3,6,8,10,11,12,19,21,25	0	0	1	0	0	1	0	1	0	1	1	1	0	0	0	0	0	0	1	0	1	0	0	0	1	0	0
jlSCF_12	8955431	8982052	16	2,3,4,6,8,9,10,11,12,13,18,19,21,24,25,26	0	1	1	1	0	1	0	1	1	1	1	1	1	0	0	0	0	1	1	0	1	0	0	1	1	1	0
jlSCF_12	8982052	9041730	17	2,3,4,6,8,9,10,11,12,13,17,18,19,21,24,25,26	0	1	1	1	0	1	0	1	1	1	1	1	1	0	0	0	1	1	1	0	1	0	0	1	1	1	0
jlSCF_12	9041730	9139822	14	2,3,6,8,10,11,12,13,18,19,21,24,25,26	0	1	1	0	0	1	0	1	0	1	1	1	1	0	0	0	0	1	1	0	1	0	0	1	1	1	0
jlSCF_12	9139822	9243875	7	2,3,8,18,21,24,25	0	1	1	0	0	0	0	1	0	0	0	0	0	0	0	0	0	1	0	0	1	0	0	1	1	0	0
jlSCF_12	9243875	9256425	6	2,3,8,18,21,25	0	1	1	0	0	0	0	1	0	0	0	0	0	0	0	0	0	1	0	0	1	0	0	0	1	0	0
jlSCF_12	9256425	9284918	4	2,3,18,25	0	1	1	0	0	0	0	0	0	0	0	0	0	0	0	0	0	1	0	0	0	0	0	0	1	0	0
jlSCF_12	9284918	9345570	2	3,25	0	0	1	0	0	0	0	0	0	0	0	0	0	0	0	0	0	0	0	0	0	0	0	0	1	0	0
jlSCF_12	9345570	9432771	1	3	0	0	1	0	0	0	0	0	0	0	0	0	0	0	0	0	0	0	0	0	0	0	0	0	0	0	0
jlSCF_12	9850739	9907705	3	4,5,6	0	0	0	1	1	1	0	0	0	0	0	0	0	0	0	0	0	0	0	0	0	0	0	0	0	0	0
jlSCF_12	9907705	9923403	4	4,5,6,8	0	0	0	1	1	1	0	1	0	0	0	0	0	0	0	0	0	0	0	0	0	0	0	0	0	0	0
jlSCF_12	9923403	9985703	7	4,5,6,8,9,24,26	0	0	0	1	1	1	0	1	1	0	0	0	0	0	0	0	0	0	0	0	0	0	0	1	0	1	0
jlSCF_12	9985703	10020956	9	4,5,6,8,9,18,21,24,26	0	0	0	1	1	1	0	1	1	0	0	0	0	0	0	0	0	1	0	0	1	0	0	1	0	1	0
jlSCF_12	10020956	10044783	7	4,5,6,18,21,24,26	0	0	0	1	1	1	0	0	0	0	0	0	0	0	0	0	0	1	0	0	1	0	0	1	0	1	0
jlSCF_12	10044783	10201782	8	4,5,6,18,21,24,25,26	0	0	0	1	1	1	0	0	0	0	0	0	0	0	0	0	0	1	0	0	1	0	0	1	1	1	0
jlSCF_12	10381235	10434372	1	25	0	0	0	0	0	0	0	0	0	0	0	0	0	0	0	0	0	0	0	0	0	0	0	0	1	0	0
jlSCF_12	10434372	10604213	21	2,4,5,6,7,8,9,10,11,12,13,17,18,19,20,21,22,23,24,25,26	0	1	0	1	1	1	1	1	1	1	1	1	1	0	0	0	1	1	1	1	1	1	1	1	1	1	0
jlSCF_12	10604213	10624904	25	2,4,5,6,7,8,9,10,11,12,13,14,15,16,17,18,19,20,21,22,23,24,25,26,27	0	1	0	1	1	1	1	1	1	1	1	1	1	1	1	1	1	1	1	1	1	1	1	1	1	1	1
jlSCF_12	10624904	10635716	26	2,3,4,5,6,7,8,9,10,11,12,13,14,15,16,17,18,19,20,21,22,23,24,25,26,27	0	1	1	1	1	1	1	1	1	1	1	1	1	1	1	1	1	1	1	1	1	1	1	1	1	1	1
jlSCF_12	10635716	10817237	22	2,3,4,5,6,7,8,9,10,11,12,13,17,18,19,20,21,22,23,24,25,26	0	1	1	1	1	1	1	1	1	1	1	1	1	0	0	0	1	1	1	1	1	1	1	1	1	1	0
jlSCF_12	10817237	10836227	2	5,25	0	0	0	0	1	0	0	0	0	0	0	0	0	0	0	0	0	0	0	0	0	0	0	0	1	0	0
jlSCF_12	10836227	10864821	1	5	0	0	0	0	1	0	0	0	0	0	0	0	0	0	0	0	0	0	0	0	0	0	0	0	0	0	0
jlSCF_12	11778675	11815417	7	5,10,11,12,13,20,25	0	0	0	0	1	0	0	0	0	1	1	1	1	0	0	0	0	0	0	1	0	0	0	0	1	0	0
jlSCF_12	14191582	14212863	8	5,8,9,10,11,12,19,24	0	0	0	0	1	0	0	1	1	1	1	1	0	0	0	0	0	0	1	0	0	0	0	1	0	0	0
jlSCF_12	14212863	14305542	13	5,6,8,9,10,11,12,13,17,18,19,22,24	0	0	0	0	1	1	0	1	1	1	1	1	1	0	0	0	1	1	1	0	0	1	0	1	0	0	0
jlSCF_12	14305542	14321737	14	2,5,6,8,9,10,11,12,13,17,18,19,22,24	0	1	0	0	1	1	0	1	1	1	1	1	1	0	0	0	1	1	1	0	0	1	0	1	0	0	0
jlSCF_12	14321737	14358144	15	2,5,6,8,9,10,11,12,13,17,18,19,22,24,25	0	1	0	0	1	1	0	1	1	1	1	1	1	0	0	0	1	1	1	0	0	1	0	1	1	0	0
jlSCF_12	14358144	14461873	17	2,5,6,8,9,10,11,12,13,17,18,19,21,22,24,25,26	0	1	0	0	1	1	0	1	1	1	1	1	1	0	0	0	1	1	1	0	1	1	0	1	1	1	0
jlSCF_12	14461873	14807361	13	5,6,9,10,11,12,13,17,18,19,21,22,24	0	0	0	0	1	1	0	0	1	1	1	1	1	0	0	0	1	1	1	0	1	1	0	1	0	0	0
jlSCF_12	14807361	14859949	9	5,6,9,17,18,19,21,22,24	0	0	0	0	1	1	0	0	1	0	0	0	0	0	0	0	1	1	1	0	1	1	0	1	0	0	0
jlSCF_12	15337298	15404778	9	5,6,8,9,19,21,22,24,26	0	0	0	0	1	1	0	1	1	0	0	0	0	0	0	0	0	0	1	0	1	1	0	1	0	1	0
jlSCF_12	15404778	15520547	2	5,24	0	0	0	0	1	0	0	0	0	0	0	0	0	0	0	0	0	0	0	0	0	0	0	1	0	0	0
jlSCF_12	15520547	15780862	6	5,10,11,12,13,24	0	0	0	0	1	0	0	0	0	1	1	1	1	0	0	0	0	0	0	0	0	0	0	1	0	0	0
jlSCF_12	15962338	16048525	10	6,9,10,11,12,13,17,21,22,24	0	0	0	0	0	1	0	0	1	1	1	1	1	0	0	0	1	0	0	0	1	1	0	1	0	0	0
jlSCF_12	16048525	16078980	9	6,10,11,12,13,17,21,22,24	0	0	0	0	0	1	0	0	0	1	1	1	1	0	0	0	1	0	0	0	1	1	0	1	0	0	0
jlSCF_12	16078980	16141010	8	6,10,11,12,13,17,21,22	0	0	0	0	0	1	0	0	0	1	1	1	1	0	0	0	1	0	0	0	1	1	0	0	0	0	0
jlSCF_12	16141010	16188017	11	4,5,6,7,10,11,12,13,17,21,22	0	0	0	1	1	1	1	0	0	1	1	1	1	0	0	0	1	0	0	0	1	1	0	0	0	0	0
jlSCF_12	16188017	16251927	12	4,5,6,7,10,11,12,13,17,21,22,25	0	0	0	1	1	1	1	0	0	1	1	1	1	0	0	0	1	0	0	0	1	1	0	0	1	0	0
jlSCF_12	16251927	16329212	18	4,5,6,7,9,10,11,12,13,17,18,19,20,21,22,24,25,26	0	0	0	1	1	1	1	0	1	1	1	1	1	0	0	0	1	1	1	1	1	1	0	1	1	1	0
jlSCF_12	16515449	16613890	6	5,7,8,9,24,26	0	0	0	0	1	0	1	1	1	0	0	0	0	0	0	0	0	0	0	0	0	0	0	1	0	1	0
jlSCF_13	399461	509794	3	7,19,26	0	0	0	0	0	0	1	0	0	0	0	0	0	0	0	0	0	0	1	0	0	0	0	0	0	1	0
jlSCF_13	509794	518019	4	3,7,19,26	0	0	1	0	0	0	1	0	0	0	0	0	0	0	0	0	0	0	1	0	0	0	0	0	0	1	0
jlSCF_13	518019	538736	6	3,7,19,21,25,26	0	0	1	0	0	0	1	0	0	0	0	0	0	0	0	0	0	0	1	0	1	0	0	0	1	1	0
jlSCF_13	538736	546236	5	3,7,19,21,26	0	0	1	0	0	0	1	0	0	0	0	0	0	0	0	0	0	0	1	0	1	0	0	0	0	1	0
jlSCF_13	546236	704105	1	3	0	0	1	0	0	0	0	0	0	0	0	0	0	0	0	0	0	0	0	0	0	0	0	0	0	0	0
jlSCF_13	704105	740833	3	3,20,26	0	0	1	0	0	0	0	0	0	0	0	0	0	0	0	0	0	0	0	1	0	0	0	0	0	1	0
jlSCF_13	740833	788089	2	20,26	0	0	0	0	0	0	0	0	0	0	0	0	0	0	0	0	0	0	0	1	0	0	0	0	0	1	0
jlSCF_13	788089	1002499	3	20,25,26	0	0	0	0	0	0	0	0	0	0	0	0	0	0	0	0	0	0	0	1	0	0	0	0	1	1	0
jlSCF_13	1002499	1177294	6	4,5,20,22,25,26	0	0	0	1	1	0	0	0	0	0	0	0	0	0	0	0	0	0	0	1	0	1	0	0	1	1	0
jlSCF_13	1177294	1188965	4	4,5,22,25	0	0	0	1	1	0	0	0	0	0	0	0	0	0	0	0	0	0	0	0	0	1	0	0	1	0	0
jlSCF_13	1188965	1362473	3	5,22,25	0	0	0	0	1	0	0	0	0	0	0	0	0	0	0	0	0	0	0	0	0	1	0	0	1	0	0
jlSCF_13	1551852	1646090	4	10,11,12,13	0	0	0	0	0	0	0	0	0	1	1	1	1	0	0	0	0	0	0	0	0	0	0	0	0	0	0
jlSCF_13	6076822	6328480	4	4,17,18,22	0	0	0	1	0	0	0	0	0	0	0	0	0	0	0	0	1	1	0	0	0	1	0	0	0	0	0
jlSCF_13	6328480	6432134	18	4,5,6,9,10,11,12,13,14,15,16,17,18,21,22,23,26,27	0	0	0	1	1	1	0	0	1	1	1	1	1	1	1	1	1	1	0	0	1	1	1	0	0	1	1
jlSCF_13	6432134	6466628	20	3,4,5,6,8,9,10,11,12,13,14,15,16,17,18,21,22,23,26,27	0	0	1	1	1	1	0	1	1	1	1	1	1	1	1	1	1	1	0	0	1	1	1	0	0	1	1
jlSCF_13	6466628	6565130	3	3,4,8	0	0	1	1	0	0	0	1	0	0	0	0	0	0	0	0	0	0	0	0	0	0	0	0	0	0	0
jlSCF_13	6565130	6594602	2	3,8	0	0	1	0	0	0	0	1	0	0	0	0	0	0	0	0	0	0	0	0	0	0	0	0	0	0	0
jlSCF_13	6594602	6635701	5	3,8,10,12,24	0	0	1	0	0	0	0	1	0	1	0	1	0	0	0	0	0	0	0	0	0	0	0	1	0	0	0
jlSCF_13	6635701	6735031	6	3,7,8,10,12,24	0	0	1	0	0	0	1	1	0	1	0	1	0	0	0	0	0	0	0	0	0	0	0	1	0	0	0
jlSCF_13	6735031	6851492	1	7	0	0	0	0	0	0	1	0	0	0	0	0	0	0	0	0	0	0	0	0	0	0	0	0	0	0	0
jlSCF_13	6876054	6957498	1	8	0	0	0	0	0	0	0	1	0	0	0	0	0	0	0	0	0	0	0	0	0	0	0	0	0	0	0
jlSCF_13	7183336	7234710	1	20	0	0	0	0	0	0	0	0	0	0	0	0	0	0	0	0	0	0	0	1	0	0	0	0	0	0	0
jlSCF_13	7234710	7251105	4	10,12,14,20	0	0	0	0	0	0	0	0	0	1	0	1	0	1	0	0	0	0	0	1	0	0	0	0	0	0	0
jlSCF_13	7251105	7426571	3	10,12,14	0	0	0	0	0	0	0	0	0	1	0	1	0	1	0	0	0	0	0	0	0	0	0	0	0	0	0
jlSCF_13	7577231	7754635	4	6,21,25,26	0	0	0	0	0	1	0	0	0	0	0	0	0	0	0	0	0	0	0	0	1	0	0	0	1	1	0
jlSCF_13	7754635	7859349	7	6,9,18,19,21,25,26	0	0	0	0	0	1	0	0	1	0	0	0	0	0	0	0	0	1	1	0	1	0	0	0	1	1	0
jlSCF_13	7859349	7899890	10	6,9,17,18,19,20,21,22,25,26	0	0	0	0	0	1	0	0	1	0	0	0	0	0	0	0	1	1	1	1	1	1	0	0	1	1	0
jlSCF_13	7899890	7952749	9	6,17,18,19,20,21,22,25,26	0	0	0	0	0	1	0	0	0	0	0	0	0	0	0	0	1	1	1	1	1	1	0	0	1	1	0
jlSCF_13	7952749	8015863	7	6,17,18,19,22,25,26	0	0	0	0	0	1	0	0	0	0	0	0	0	0	0	0	1	1	1	0	0	1	0	0	1	1	0
jlSCF_13	8015863	8047373	5	6,18,19,25,26	0	0	0	0	0	1	0	0	0	0	0	0	0	0	0	0	0	1	1	0	0	0	0	0	1	1	0
jlSCF_13	10893848	10993458	2	3,23	0	0	1	0	0	0	0	0	0	0	0	0	0	0	0	0	0	0	0	0	0	0	1	0	0	0	0
jlSCF_13	10993458	11042338	6	3,5,6,8,21,23	0	0	1	0	1	1	0	1	0	0	0	0	0	0	0	0	0	0	0	0	1	0	1	0	0	0	0
jlSCF_13	11042338	11126608	7	3,5,6,8,21,23,26	0	0	1	0	1	1	0	1	0	0	0	0	0	0	0	0	0	0	0	0	1	0	1	0	0	1	0
jlSCF_13	11126608	11126609	6	3,5,6,8,23,26	0	0	1	0	1	1	0	1	0	0	0	0	0	0	0	0	0	0	0	0	0	0	1	0	0	1	0
jlSCF_13	11126609	11133392	10	3,5,6,8,18,19,23,24,25,26	0	0	1	0	1	1	0	1	0	0	0	0	0	0	0	0	0	1	1	0	0	0	1	1	1	1	0
jlSCF_13	11133392	11153105	9	3,6,8,18,19,23,24,25,26	0	0	1	0	0	1	0	1	0	0	0	0	0	0	0	0	0	1	1	0	0	0	1	1	1	1	0
jlSCF_13	11153105	11172577	10	3,6,8,9,18,19,23,24,25,26	0	0	1	0	0	1	0	1	1	0	0	0	0	0	0	0	0	1	1	0	0	0	1	1	1	1	0
jlSCF_13	11172577	11291591	9	3,6,8,9,18,19,23,24,25	0	0	1	0	0	1	0	1	1	0	0	0	0	0	0	0	0	1	1	0	0	0	1	1	1	0	0
jlSCF_13	11291591	11291592	8	3,6,9,18,19,23,24,25	0	0	1	0	0	1	0	0	1	0	0	0	0	0	0	0	0	1	1	0	0	0	1	1	1	0	0
jlSCF_13	11291592	11304068	9	3,5,6,9,18,19,23,24,25	0	0	1	0	1	1	0	0	1	0	0	0	0	0	0	0	0	1	1	0	0	0	1	1	1	0	0
jlSCF_13	11304068	11343847	8	3,5,6,9,18,23,24,25	0	0	1	0	1	1	0	0	1	0	0	0	0	0	0	0	0	1	0	0	0	0	1	1	1	0	0
jlSCF_13	11343847	11401488	9	3,5,6,8,9,18,23,24,25	0	0	1	0	1	1	0	1	1	0	0	0	0	0	0	0	0	1	0	0	0	0	1	1	1	0	0
jlSCF_13	11401488	11491774	8	3,5,6,8,9,18,23,24	0	0	1	0	1	1	0	1	1	0	0	0	0	0	0	0	0	1	0	0	0	0	1	1	0	0	0
jlSCF_13	11491774	11672088	10	3,5,6,7,8,9,18,23,24,26	0	0	1	0	1	1	1	1	1	0	0	0	0	0	0	0	0	1	0	0	0	0	1	1	0	1	0
jlSCF_13	11672088	11697704	11	3,5,6,7,8,9,18,21,23,24,26	0	0	1	0	1	1	1	1	1	0	0	0	0	0	0	0	0	1	0	0	1	0	1	1	0	1	0
jlSCF_13	11697704	11707464	10	3,5,6,8,9,18,21,23,24,26	0	0	1	0	1	1	0	1	1	0	0	0	0	0	0	0	0	1	0	0	1	0	1	1	0	1	0
jlSCF_13	11707464	11718517	7	5,6,9,18,21,24,26	0	0	0	0	1	1	0	0	1	0	0	0	0	0	0	0	0	1	0	0	1	0	0	1	0	1	0
jlSCF_13	11718517	11760624	8	5,6,9,18,21,24,25,26	0	0	0	0	1	1	0	0	1	0	0	0	0	0	0	0	0	1	0	0	1	0	0	1	1	1	0
jlSCF_13	11760624	11773830	7	5,6,9,21,24,25,26	0	0	0	0	1	1	0	0	1	0	0	0	0	0	0	0	0	0	0	0	1	0	0	1	1	1	0
jlSCF_13	11773830	11778062	4	5,6,9,25	0	0	0	0	1	1	0	0	1	0	0	0	0	0	0	0	0	0	0	0	0	0	0	0	1	0	0
jlSCF_13	11778062	11804590	3	5,6,25	0	0	0	0	1	1	0	0	0	0	0	0	0	0	0	0	0	0	0	0	0	0	0	0	1	0	0
jlSCF_13	11804590	11878530	2	6,25	0	0	0	0	0	1	0	0	0	0	0	0	0	0	0	0	0	0	0	0	0	0	0	0	1	0	0
jlSCF_13	11878530	11958531	3	5,6,25	0	0	0	0	1	1	0	0	0	0	0	0	0	0	0	0	0	0	0	0	0	0	0	0	1	0	0
jlSCF_13	11958531	11997999	2	5,6	0	0	0	0	1	1	0	0	0	0	0	0	0	0	0	0	0	0	0	0	0	0	0	0	0	0	0
jlSCF_13	11997999	12056512	3	5,6,26	0	0	0	0	1	1	0	0	0	0	0	0	0	0	0	0	0	0	0	0	0	0	0	0	0	1	0
jlSCF_13	12056512	12144818	1	5	0	0	0	0	1	0	0	0	0	0	0	0	0	0	0	0	0	0	0	0	0	0	0	0	0	0	0
jlSCF_13	12144818	12218812	2	5,7	0	0	0	0	1	0	1	0	0	0	0	0	0	0	0	0	0	0	0	0	0	0	0	0	0	0	0
jlSCF_13	13596556	13646885	7	5,6,10,11,12,13,24	0	0	0	0	1	1	0	0	0	1	1	1	1	0	0	0	0	0	0	0	0	0	0	1	0	0	0
jlSCF_13	13646885	13788770	9	5,6,7,8,10,11,12,13,24	0	0	0	0	1	1	1	1	0	1	1	1	1	0	0	0	0	0	0	0	0	0	0	1	0	0	0
jlSCF_13	13788770	13804255	8	5,6,7,8,10,11,12,24	0	0	0	0	1	1	1	1	0	1	1	1	0	0	0	0	0	0	0	0	0	0	0	1	0	0	0
jlSCF_13	13804255	13995833	1	5	0	0	0	0	1	0	0	0	0	0	0	0	0	0	0	0	0	0	0	0	0	0	0	0	0	0	0
jlSCF_14	430552	606468	4	10,11,12,13	0	0	0	0	0	0	0	0	0	1	1	1	1	0	0	0	0	0	0	0	0	0	0	0	0	0	0
jlSCF_14	606468	709660	17	5,6,7,8,9,10,11,12,13,17,18,19,21,22,23,24,25	0	0	0	0	1	1	1	1	1	1	1	1	1	0	0	0	1	1	1	0	1	1	1	1	1	0	0
jlSCF_14	709660	787287	16	5,6,7,8,9,10,11,12,17,18,19,21,22,23,24,25	0	0	0	0	1	1	1	1	1	1	1	1	0	0	0	0	1	1	1	0	1	1	1	1	1	0	0
jlSCF_14	787287	824995	14	5,6,7,8,9,10,11,12,18,19,21,22,23,24	0	0	0	0	1	1	1	1	1	1	1	1	0	0	0	0	0	1	1	0	1	1	1	1	0	0	0
jlSCF_14	1362415	1595029	2	6,8	0	0	0	0	0	1	0	1	0	0	0	0	0	0	0	0	0	0	0	0	0	0	0	0	0	0	0
jlSCF_14	1595029	1665218	4	6,8,21,25	0	0	0	0	0	1	0	1	0	0	0	0	0	0	0	0	0	0	0	0	1	0	0	0	1	0	0
jlSCF_14	1665218	1750736	14	4,5,6,8,10,11,12,13,17,18,21,24,25,26	0	0	0	1	1	1	0	1	0	1	1	1	1	0	0	0	1	1	0	0	1	0	0	1	1	1	0
jlSCF_14	1750736	1849476	17	4,5,6,7,8,9,10,11,12,13,17,18,19,21,24,25,26	0	0	0	1	1	1	1	1	1	1	1	1	1	0	0	0	1	1	1	0	1	0	0	1	1	1	0
jlSCF_14	1849476	2038604	15	4,5,6,7,8,9,10,11,12,13,17,19,21,24,26	0	0	0	1	1	1	1	1	1	1	1	1	1	0	0	0	1	0	1	0	1	0	0	1	0	1	0
jlSCF_14	2038604	2116918	1	17	0	0	0	0	0	0	0	0	0	0	0	0	0	0	0	0	1	0	0	0	0	0	0	0	0	0	0
jlSCF_14	2116918	2267106	3	17,20,22	0	0	0	0	0	0	0	0	0	0	0	0	0	0	0	0	1	0	0	1	0	1	0	0	0	0	0
jlSCF_14	2267106	2329989	18	4,5,6,7,8,9,10,11,12,13,17,18,19,20,21,22,24,26	0	0	0	1	1	1	1	1	1	1	1	1	1	0	0	0	1	1	1	1	1	1	0	1	0	1	0
jlSCF_14	3747739	3922207	1	25	0	0	0	0	0	0	0	0	0	0	0	0	0	0	0	0	0	0	0	0	0	0	0	0	1	0	0
jlSCF_14	3922207	4112905	5	6,8,17,18,25	0	0	0	0	0	1	0	1	0	0	0	0	0	0	0	0	1	1	0	0	0	0	0	0	1	0	0
jlSCF_14	4112905	4125425	4	6,8,17,18	0	0	0	0	0	1	0	1	0	0	0	0	0	0	0	0	1	1	0	0	0	0	0	0	0	0	0
jlSCF_14	5525507	5904775	1	25	0	0	0	0	0	0	0	0	0	0	0	0	0	0	0	0	0	0	0	0	0	0	0	0	1	0	0
jlSCF_14	6014761	6055682	7	8,9,10,11,12,13,24	0	0	0	0	0	0	0	1	1	1	1	1	1	0	0	0	0	0	0	0	0	0	0	1	0	0	0
jlSCF_14	6055682	6230510	13	6,8,9,10,11,12,13,18,19,23,24,25,26	0	0	0	0	0	1	0	1	1	1	1	1	1	0	0	0	0	1	1	0	0	0	1	1	1	1	0
jlSCF_14	6230510	6393437	16	4,5,6,7,8,9,10,11,12,13,18,19,23,24,25,26	0	0	0	1	1	1	1	1	1	1	1	1	1	0	0	0	0	1	1	0	0	0	1	1	1	1	0
jlSCF_14	6393437	6566470	15	4,5,6,7,8,9,10,11,12,13,18,19,23,24,26	0	0	0	1	1	1	1	1	1	1	1	1	1	0	0	0	0	1	1	0	0	0	1	1	0	1	0
jlSCF_14	6566470	6591100	18	3,4,5,6,7,8,9,10,11,12,13,17,18,19,21,23,24,26	0	0	1	1	1	1	1	1	1	1	1	1	1	0	0	0	1	1	1	0	1	0	1	1	0	1	0
jlSCF_14	6591100	6708415	19	3,4,5,6,7,8,9,10,11,12,13,17,18,19,21,23,24,25,26	0	0	1	1	1	1	1	1	1	1	1	1	1	0	0	0	1	1	1	0	1	0	1	1	1	1	0
jlSCF_14	6708415	6745135	20	3,4,5,6,7,8,9,10,11,12,13,17,18,19,20,21,23,24,25,26	0	0	1	1	1	1	1	1	1	1	1	1	1	0	0	0	1	1	1	1	1	0	1	1	1	1	0
jlSCF_14	6745135	6899407	14	5,6,7,9,10,11,12,13,17,18,21,23,24,25	0	0	0	0	1	1	1	0	1	1	1	1	1	0	0	0	1	1	0	0	1	0	1	1	1	0	0
jlSCF_14	6899407	7010869	3	7,17,25	0	0	0	0	0	0	1	0	0	0	0	0	0	0	0	0	1	0	0	0	0	0	0	0	1	0	0
jlSCF_14	7010869	7065635	4	7,17,22,25	0	0	0	0	0	0	1	0	0	0	0	0	0	0	0	0	1	0	0	0	0	1	0	0	1	0	0
jlSCF_14	7065635	7382615	3	17,22,25	0	0	0	0	0	0	0	0	0	0	0	0	0	0	0	0	1	0	0	0	0	1	0	0	1	0	0
jlSCF_14	7382615	7516477	5	5,7,17,22,25	0	0	0	0	1	0	1	0	0	0	0	0	0	0	0	0	1	0	0	0	0	1	0	0	1	0	0
jlSCF_14	7516477	7741056	4	5,17,22,25	0	0	0	0	1	0	0	0	0	0	0	0	0	0	0	0	1	0	0	0	0	1	0	0	1	0	0
jlSCF_14	7741056	7758022	3	5,17,25	0	0	0	0	1	0	0	0	0	0	0	0	0	0	0	0	1	0	0	0	0	0	0	0	1	0	0
jlSCF_14	7758022	7771978	2	17,25	0	0	0	0	0	0	0	0	0	0	0	0	0	0	0	0	1	0	0	0	0	0	0	0	1	0	0
jlSCF_14	7771978	7983993	1	17	0	0	0	0	0	0	0	0	0	0	0	0	0	0	0	0	1	0	0	0	0	0	0	0	0	0	0
jlSCF_14	7983993	8279234	2	17,22	0	0	0	0	0	0	0	0	0	0	0	0	0	0	0	0	1	0	0	0	0	1	0	0	0	0	0
jlSCF_14	8279234	8481581	1	17	0	0	0	0	0	0	0	0	0	0	0	0	0	0	0	0	1	0	0	0	0	0	0	0	0	0	0
jlSCF_14	8481581	8552563	2	5,17	0	0	0	0	1	0	0	0	0	0	0	0	0	0	0	0	1	0	0	0	0	0	0	0	0	0	0
jlSCF_14	8552563	8576209	3	5,17,25	0	0	0	0	1	0	0	0	0	0	0	0	0	0	0	0	1	0	0	0	0	0	0	0	1	0	0
jlSCF_14	8576209	8639162	2	17,25	0	0	0	0	0	0	0	0	0	0	0	0	0	0	0	0	1	0	0	0	0	0	0	0	1	0	0
jlSCF_14	8639162	8989399	1	17	0	0	0	0	0	0	0	0	0	0	0	0	0	0	0	0	1	0	0	0	0	0	0	0	0	0	0
jlSCF_14	9265775	9347836	2	22,25	0	0	0	0	0	0	0	0	0	0	0	0	0	0	0	0	0	0	0	0	0	1	0	0	1	0	0
jlSCF_14	9347836	9393592	1	25	0	0	0	0	0	0	0	0	0	0	0	0	0	0	0	0	0	0	0	0	0	0	0	0	1	0	0
jlSCF_14	9393592	9505554	2	17,25	0	0	0	0	0	0	0	0	0	0	0	0	0	0	0	0	1	0	0	0	0	0	0	0	1	0	0
jlSCF_14	9505554	9516078	1	17	0	0	0	0	0	0	0	0	0	0	0	0	0	0	0	0	1	0	0	0	0	0	0	0	0	0	0
jlSCF_14	9516078	9726870	3	5,17,24	0	0	0	0	1	0	0	0	0	0	0	0	0	0	0	0	1	0	0	0	0	0	0	1	0	0	0
jlSCF_14	9726870	9755758	2	17,24	0	0	0	0	0	0	0	0	0	0	0	0	0	0	0	0	1	0	0	0	0	0	0	1	0	0	0
jlSCF_14	9755758	9805459	3	9,17,24	0	0	0	0	0	0	0	0	1	0	0	0	0	0	0	0	1	0	0	0	0	0	0	1	0	0	0
jlSCF_14	9805459	9948694	4	9,17,24,25	0	0	0	0	0	0	0	0	1	0	0	0	0	0	0	0	1	0	0	0	0	0	0	1	1	0	0
jlSCF_14	9948694	10074713	5	9,17,22,24,25	0	0	0	0	0	0	0	0	1	0	0	0	0	0	0	0	1	0	0	0	0	1	0	1	1	0	0
jlSCF_14	10074713	10109593	4	17,22,24,25	0	0	0	0	0	0	0	0	0	0	0	0	0	0	0	0	1	0	0	0	0	1	0	1	1	0	0
jlSCF_14	10109593	12294828	3	17,22,25	0	0	0	0	0	0	0	0	0	0	0	0	0	0	0	0	1	0	0	0	0	1	0	0	1	0	0
jlSCF_14	12294828	17759300	2	22,25	0	0	0	0	0	0	0	0	0	0	0	0	0	0	0	0	0	0	0	0	0	1	0	0	1	0	0
jlSCF_14	17759300	17948903	3	17,22,25	0	0	0	0	0	0	0	0	0	0	0	0	0	0	0	0	1	0	0	0	0	1	0	0	1	0	0
jlSCF_14	17948903	18047967	2	22,25	0	0	0	0	0	0	0	0	0	0	0	0	0	0	0	0	0	0	0	0	0	1	0	0	1	0	0
jlSCF_14	18047967	18099650	1	22	0	0	0	0	0	0	0	0	0	0	0	0	0	0	0	0	0	0	0	0	0	1	0	0	0	0	0
jlSCF_14	18554691	18577168	2	8,25	0	0	0	0	0	0	0	1	0	0	0	0	0	0	0	0	0	0	0	0	0	0	0	0	1	0	0
jlSCF_14	18577168	18607189	6	6,8,9,18,24,25	0	0	0	0	0	1	0	1	1	0	0	0	0	0	0	0	0	1	0	0	0	0	0	1	1	0	0
jlSCF_14	18607189	18725443	7	6,8,9,18,22,24,25	0	0	0	0	0	1	0	1	1	0	0	0	0	0	0	0	0	1	0	0	0	1	0	1	1	0	0
jlSCF_14	18725443	18791416	8	6,8,9,17,18,22,24,25	0	0	0	0	0	1	0	1	1	0	0	0	0	0	0	0	1	1	0	0	0	1	0	1	1	0	0
jlSCF_14	18791416	18887853	14	4,5,6,7,8,9,17,18,19,21,22,24,25,26	0	0	0	1	1	1	1	1	1	0	0	0	0	0	0	0	1	1	1	0	1	1	0	1	1	1	0
jlSCF_14	18887853	19002988	13	4,5,6,7,8,9,17,18,19,21,22,24,26	0	0	0	1	1	1	1	1	1	0	0	0	0	0	0	0	1	1	1	0	1	1	0	1	0	1	0
jlSCF_14	19906469	19909918	1	23	0	0	0	0	0	0	0	0	0	0	0	0	0	0	0	0	0	0	0	0	0	0	1	0	0	0	0
jlSCF_14	19909918	19976170	2	7,23	0	0	0	0	0	0	1	0	0	0	0	0	0	0	0	0	0	0	0	0	0	0	1	0	0	0	0
jlSCF_14	19976170	20099872	6	3,7,9,18,19,23	0	0	1	0	0	0	1	0	1	0	0	0	0	0	0	0	0	1	1	0	0	0	1	0	0	0	0
jlSCF_14	20099872	20183229	8	3,4,7,9,17,18,19,23	0	0	1	1	0	0	1	0	1	0	0	0	0	0	0	0	1	1	1	0	0	0	1	0	0	0	0
jlSCF_14	20183229	20343593	6	3,4,7,17,18,23	0	0	1	1	0	0	1	0	0	0	0	0	0	0	0	0	1	1	0	0	0	0	1	0	0	0	0
jlSCF_14	20343593	20445392	7	3,4,7,9,17,18,23	0	0	1	1	0	0	1	0	1	0	0	0	0	0	0	0	1	1	0	0	0	0	1	0	0	0	0
jlSCF_14	20445392	20527172	9	3,4,7,9,17,18,19,21,23	0	0	1	1	0	0	1	0	1	0	0	0	0	0	0	0	1	1	1	0	1	0	1	0	0	0	0
jlSCF_14	20527172	20553624	16	3,4,5,7,9,10,11,12,13,17,18,19,21,23,24,26	0	0	1	1	1	0	1	0	1	1	1	1	1	0	0	0	1	1	1	0	1	0	1	1	0	1	0
jlSCF_14	20553624	20626304	13	5,7,9,10,11,12,13,17,18,19,21,24,26	0	0	0	0	1	0	1	0	1	1	1	1	1	0	0	0	1	1	1	0	1	0	0	1	0	1	0
jlSCF_14	20626304	20649109	7	5,10,11,12,13,21,24	0	0	0	0	1	0	0	0	0	1	1	1	1	0	0	0	0	0	0	0	1	0	0	1	0	0	0
jlSCF_14	20649109	20743430	6	10,11,12,13,21,24	0	0	0	0	0	0	0	0	0	1	1	1	1	0	0	0	0	0	0	0	1	0	0	1	0	0	0
jlSCF_14	20743430	20881461	5	10,11,12,13,24	0	0	0	0	0	0	0	0	0	1	1	1	1	0	0	0	0	0	0	0	0	0	0	1	0	0	0
jlSCF_14	20881461	20898453	6	8,10,11,12,13,24	0	0	0	0	0	0	0	1	0	1	1	1	1	0	0	0	0	0	0	0	0	0	0	1	0	0	0
jlSCF_14	20898453	21142877	7	7,8,10,11,12,13,24	0	0	0	0	0	0	1	1	0	1	1	1	1	0	0	0	0	0	0	0	0	0	0	1	0	0	0
jlSCF_14	21142877	21366698	17	4,5,6,7,8,9,10,11,12,13,17,18,19,21,22,24,26	0	0	0	1	1	1	1	1	1	1	1	1	1	0	0	0	1	1	1	0	1	1	0	1	0	1	0
jlSCF_14	21366698	21448208	16	4,6,7,8,9,10,11,12,13,17,18,19,21,22,24,26	0	0	0	1	0	1	1	1	1	1	1	1	1	0	0	0	1	1	1	0	1	1	0	1	0	1	0
jlSCF_14	21448208	21502078	12	6,7,8,9,10,11,12,13,18,19,21,26	0	0	0	0	0	1	1	1	1	1	1	1	1	0	0	0	0	1	1	0	1	0	0	0	0	1	0
jlSCF_14	21502078	21570374	11	6,7,8,9,10,11,12,13,19,21,26	0	0	0	0	0	1	1	1	1	1	1	1	1	0	0	0	0	0	1	0	1	0	0	0	0	1	0
jlSCF_14	24470547	26954312	4	18,19,23,25	0	0	0	0	0	0	0	0	0	0	0	0	0	0	0	0	0	1	1	0	0	0	1	0	1	0	0
jlSCF_14	27051833	27404593	1	25	0	0	0	0	0	0	0	0	0	0	0	0	0	0	0	0	0	0	0	0	0	0	0	0	1	0	0
jlSCF_14	27597231	27920832	1	25	0	0	0	0	0	0	0	0	0	0	0	0	0	0	0	0	0	0	0	0	0	0	0	0	1	0	0
jlSCF_15	2555928	2633422	8	2,3,4,5,7,8,19,22	0	1	1	1	1	0	1	1	0	0	0	0	0	0	0	0	0	0	1	0	0	1	0	0	0	0	0
jlSCF_15	2633422	2700549	7	2,3,4,5,8,19,22	0	1	1	1	1	0	0	1	0	0	0	0	0	0	0	0	0	0	1	0	0	1	0	0	0	0	0
jlSCF_15	2700549	2733070	8	2,3,4,5,8,19,22,23	0	1	1	1	1	0	0	1	0	0	0	0	0	0	0	0	0	0	1	0	0	1	1	0	0	0	0
jlSCF_15	2733070	2807528	7	2,3,4,8,19,22,23	0	1	1	1	0	0	0	1	0	0	0	0	0	0	0	0	0	0	1	0	0	1	1	0	0	0	0
jlSCF_15	2807528	2823055	5	4,8,19,22,23	0	0	0	1	0	0	0	1	0	0	0	0	0	0	0	0	0	0	1	0	0	1	1	0	0	0	0
jlSCF_15	2823055	2910697	3	4,8,23	0	0	0	1	0	0	0	1	0	0	0	0	0	0	0	0	0	0	0	0	0	0	1	0	0	0	0
jlSCF_15	2910697	3062689	1	23	0	0	0	0	0	0	0	0	0	0	0	0	0	0	0	0	0	0	0	0	0	0	1	0	0	0	0
jlSCF_15	6782323	6802603	2	21,25	0	0	0	0	0	0	0	0	0	0	0	0	0	0	0	0	0	0	0	0	1	0	0	0	1	0	0
jlSCF_15	6802603	6818555	3	19,21,25	0	0	0	0	0	0	0	0	0	0	0	0	0	0	0	0	0	0	1	0	1	0	0	0	1	0	0
jlSCF_15	6818555	6850710	4	18,19,21,25	0	0	0	0	0	0	0	0	0	0	0	0	0	0	0	0	0	1	1	0	1	0	0	0	1	0	0
jlSCF_15	6850710	6863231	6	18,19,21,24,25,26	0	0	0	0	0	0	0	0	0	0	0	0	0	0	0	0	0	1	1	0	1	0	0	1	1	1	0
jlSCF_15	6863231	6898284	11	5,9,10,11,12,18,19,21,24,25,26	0	0	0	0	1	0	0	0	1	1	1	1	0	0	0	0	0	1	1	0	1	0	0	1	1	1	0
jlSCF_15	6898284	6905114	12	5,6,9,10,11,12,18,19,21,24,25,26	0	0	0	0	1	1	0	0	1	1	1	1	0	0	0	0	0	1	1	0	1	0	0	1	1	1	0
jlSCF_15	6905114	6944905	13	5,6,8,9,10,11,12,18,19,21,24,25,26	0	0	0	0	1	1	0	1	1	1	1	1	0	0	0	0	0	1	1	0	1	0	0	1	1	1	0
jlSCF_15	6944905	6985960	12	5,6,8,9,10,11,12,18,19,24,25,26	0	0	0	0	1	1	0	1	1	1	1	1	0	0	0	0	0	1	1	0	0	0	0	1	1	1	0
jlSCF_15	6985960	7054376	9	9,10,11,12,18,19,24,25,26	0	0	0	0	0	0	0	0	1	1	1	1	0	0	0	0	0	1	1	0	0	0	0	1	1	1	0
jlSCF_15	7054376	7127209	6	9,18,19,24,25,26	0	0	0	0	0	0	0	0	1	0	0	0	0	0	0	0	0	1	1	0	0	0	0	1	1	1	0
jlSCF_15	7127209	7175490	5	9,18,19,25,26	0	0	0	0	0	0	0	0	1	0	0	0	0	0	0	0	0	1	1	0	0	0	0	0	1	1	0
jlSCF_15	7175490	7422590	2	9,18	0	0	0	0	0	0	0	0	1	0	0	0	0	0	0	0	0	1	0	0	0	0	0	0	0	0	0
jlSCF_15	7422590	7433911	1	9	0	0	0	0	0	0	0	0	1	0	0	0	0	0	0	0	0	0	0	0	0	0	0	0	0	0	0
jlSCF_15	9041218	9065275	5	4,17,20,23,25	0	0	0	1	0	0	0	0	0	0	0	0	0	0	0	0	1	0	0	1	0	0	1	0	1	0	0
jlSCF_15	9065275	9138030	6	4,17,20,22,23,25	0	0	0	1	0	0	0	0	0	0	0	0	0	0	0	0	1	0	0	1	0	1	1	0	1	0	0
jlSCF_15	9138030	9146710	8	4,9,17,20,22,23,25,26	0	0	0	1	0	0	0	0	1	0	0	0	0	0	0	0	1	0	0	1	0	1	1	0	1	1	0
jlSCF_15	9146710	9181304	15	4,5,6,8,9,17,18,19,20,21,22,23,24,25,26	0	0	0	1	1	1	0	1	1	0	0	0	0	0	0	0	1	1	1	1	1	1	1	1	1	1	0
jlSCF_15	9181304	9275654	14	4,5,6,8,9,17,18,19,20,21,22,23,24,25	0	0	0	1	1	1	0	1	1	0	0	0	0	0	0	0	1	1	1	1	1	1	1	1	1	0	0
jlSCF_15	9275654	9293452	12	4,5,6,8,9,18,19,20,22,23,24,25	0	0	0	1	1	1	0	1	1	0	0	0	0	0	0	0	0	1	1	1	0	1	1	1	1	0	0
jlSCF_15	9293452	9358224	10	4,5,6,8,9,18,19,20,23,24	0	0	0	1	1	1	0	1	1	0	0	0	0	0	0	0	0	1	1	1	0	0	1	1	0	0	0
jlSCF_15	9358224	9533511	8	5,8,9,18,19,20,23,24	0	0	0	0	1	0	0	1	1	0	0	0	0	0	0	0	0	1	1	1	0	0	1	1	0	0	0
jlSCF_15	9533511	9551243	7	8,9,18,19,20,23,24	0	0	0	0	0	0	0	1	1	0	0	0	0	0	0	0	0	1	1	1	0	0	1	1	0	0	0
jlSCF_15	9551243	9567131	4	9,18,19,20	0	0	0	0	0	0	0	0	1	0	0	0	0	0	0	0	0	1	1	1	0	0	0	0	0	0	0
jlSCF_15	9567131	9591824	5	9,17,18,19,20	0	0	0	0	0	0	0	0	1	0	0	0	0	0	0	0	1	1	1	1	0	0	0	0	0	0	0
jlSCF_15	9591824	9625817	4	17,18,19,20	0	0	0	0	0	0	0	0	0	0	0	0	0	0	0	0	1	1	1	1	0	0	0	0	0	0	0
jlSCF_15	9625817	9638397	3	17,18,19	0	0	0	0	0	0	0	0	0	0	0	0	0	0	0	0	1	1	1	0	0	0	0	0	0	0	0
jlSCF_15	9638397	10092283	1	17	0	0	0	0	0	0	0	0	0	0	0	0	0	0	0	0	1	0	0	0	0	0	0	0	0	0	0
jlSCF_15	10666571	10760167	1	20	0	0	0	0	0	0	0	0	0	0	0	0	0	0	0	0	0	0	0	1	0	0	0	0	0	0	0
jlSCF_15	10760167	10791386	2	3,20	0	0	1	0	0	0	0	0	0	0	0	0	0	0	0	0	0	0	0	1	0	0	0	0	0	0	0
jlSCF_15	10791386	11052849	3	3,20,23	0	0	1	0	0	0	0	0	0	0	0	0	0	0	0	0	0	0	0	1	0	0	1	0	0	0	0
jlSCF_15	11052849	11221295	21	2,3,4,5,6,7,8,9,10,11,12,13,17,18,19,20,21,22,23,24,26	0	1	1	1	1	1	1	1	1	1	1	1	1	0	0	0	1	1	1	1	1	1	1	1	0	1	0
jlSCF_15	11221295	11412740	19	2,3,4,5,6,7,8,9,10,11,12,13,17,18,19,20,21,24,26	0	1	1	1	1	1	1	1	1	1	1	1	1	0	0	0	1	1	1	1	1	0	0	1	0	1	0
jlSCF_15	11412740	11431586	18	2,3,4,5,6,7,8,9,10,11,12,13,17,18,19,20,21,24	0	1	1	1	1	1	1	1	1	1	1	1	1	0	0	0	1	1	1	1	1	0	0	1	0	0	0
jlSCF_15	11431586	11465955	16	2,3,4,5,6,7,8,9,10,11,12,13,17,19,20,24	0	1	1	1	1	1	1	1	1	1	1	1	1	0	0	0	1	0	1	1	0	0	0	1	0	0	0
jlSCF_15	11465955	11472961	8	2,3,4,6,8,9,17,20	0	1	1	1	0	1	0	1	1	0	0	0	0	0	0	0	1	0	0	1	0	0	0	0	0	0	0
jlSCF_15	11472961	11560036	7	2,3,4,6,8,17,20	0	1	1	1	0	1	0	1	0	0	0	0	0	0	0	0	1	0	0	1	0	0	0	0	0	0	0
jlSCF_15	11560036	11637208	8	2,3,4,6,8,17,20,23	0	1	1	1	0	1	0	1	0	0	0	0	0	0	0	0	1	0	0	1	0	0	1	0	0	0	0
jlSCF_15	11637208	11742252	7	2,3,4,6,8,17,23	0	1	1	1	0	1	0	1	0	0	0	0	0	0	0	0	1	0	0	0	0	0	1	0	0	0	0
jlSCF_15	11742252	11779445	6	3,4,6,8,17,23	0	0	1	1	0	1	0	1	0	0	0	0	0	0	0	0	1	0	0	0	0	0	1	0	0	0	0
jlSCF_15	11779445	11854742	13	3,4,5,6,7,8,10,11,12,13,17,18,23	0	0	1	1	1	1	1	1	0	1	1	1	1	0	0	0	1	1	0	0	0	0	1	0	0	0	0
jlSCF_15	11854742	11879958	2	3,17	0	0	1	0	0	0	0	0	0	0	0	0	0	0	0	0	1	0	0	0	0	0	0	0	0	0	0
jlSCF_15	11879958	11914691	1	17	0	0	0	0	0	0	0	0	0	0	0	0	0	0	0	0	1	0	0	0	0	0	0	0	0	0	0
jlSCF_15	11964562	12244284	1	17	0	0	0	0	0	0	0	0	0	0	0	0	0	0	0	0	1	0	0	0	0	0	0	0	0	0	0
jlSCF_15	12244284	12578584	13	4,5,8,9,10,11,12,13,17,18,19,23,26	0	0	0	1	1	0	0	1	1	1	1	1	1	0	0	0	1	1	1	0	0	0	1	0	0	1	0
jlSCF_15	18438651	18634940	3	5,22,25	0	0	0	0	1	0	0	0	0	0	0	0	0	0	0	0	0	0	0	0	0	1	0	0	1	0	0
jlSCF_15	19402780	19725933	1	25	0	0	0	0	0	0	0	0	0	0	0	0	0	0	0	0	0	0	0	0	0	0	0	0	1	0	0
jlSCF_15	19725933	19770493	2	8,25	0	0	0	0	0	0	0	1	0	0	0	0	0	0	0	0	0	0	0	0	0	0	0	0	1	0	0
jlSCF_15	19770493	19812022	7	8,10,11,12,19,24,25	0	0	0	0	0	0	0	1	0	1	1	1	0	0	0	0	0	0	1	0	0	0	0	1	1	0	0
jlSCF_15	19812022	19812023	6	10,11,12,19,24,25	0	0	0	0	0	0	0	0	0	1	1	1	0	0	0	0	0	0	1	0	0	0	0	1	1	0	0
jlSCF_15	19812023	19877454	11	4,7,10,11,12,13,14,18,19,24,25	0	0	0	1	0	0	1	0	0	1	1	1	1	1	0	0	0	1	1	0	0	0	0	1	1	0	0
jlSCF_15	19877454	19958194	18	2,3,4,5,6,7,10,11,12,13,14,16,18,19,24,25,26,27	0	1	1	1	1	1	1	0	0	1	1	1	1	1	0	1	0	1	1	0	0	0	0	1	1	1	1
jlSCF_15	19958194	20094798	19	2,3,4,5,6,7,10,11,12,13,14,16,17,18,19,24,25,26,27	0	1	1	1	1	1	1	0	0	1	1	1	1	1	0	1	1	1	1	0	0	0	0	1	1	1	1
jlSCF_15	20094798	20152090	23	2,3,4,5,6,7,8,9,10,11,12,13,14,15,16,17,18,19,23,24,25,26,27	0	1	1	1	1	1	1	1	1	1	1	1	1	1	1	1	1	1	1	0	0	0	1	1	1	1	1
jlSCF_15	20152090	20202704	24	2,3,4,5,6,7,8,9,10,11,12,13,14,15,16,17,18,19,21,23,24,25,26,27	0	1	1	1	1	1	1	1	1	1	1	1	1	1	1	1	1	1	1	0	1	0	1	1	1	1	1
jlSCF_15	20202704	20234767	14	2,3,4,5,10,11,12,13,16,17,24,25,26,27	0	1	1	1	1	0	0	0	0	1	1	1	1	0	0	1	1	0	0	0	0	0	0	1	1	1	1
jlSCF_15	20234767	20255071	12	3,4,5,10,11,12,16,17,24,25,26,27	0	0	1	1	1	0	0	0	0	1	1	1	0	0	0	1	1	0	0	0	0	0	0	1	1	1	1
jlSCF_15	20255071	20300226	5	16,17,25,26,27	0	0	0	0	0	0	0	0	0	0	0	0	0	0	0	1	1	0	0	0	0	0	0	0	1	1	1
jlSCF_15	20300226	20392987	7	16,17,20,22,25,26,27	0	0	0	0	0	0	0	0	0	0	0	0	0	0	0	1	1	0	0	1	0	1	0	0	1	1	1
jlSCF_15	20392987	20438408	2	16,27	0	0	0	0	0	0	0	0	0	0	0	0	0	0	0	1	0	0	0	0	0	0	0	0	0	0	1
jlSCF_15	20438408	20492609	7	4,10,11,12,13,16,27	0	0	0	1	0	0	0	0	0	1	1	1	1	0	0	1	0	0	0	0	0	0	0	0	0	0	1
jlSCF_15	20492609	20541211	8	4,5,10,11,12,13,16,27	0	0	0	1	1	0	0	0	0	1	1	1	1	0	0	1	0	0	0	0	0	0	0	0	0	0	1
jlSCF_15	20541211	20685798	2	16,27	0	0	0	0	0	0	0	0	0	0	0	0	0	0	0	1	0	0	0	0	0	0	0	0	0	0	1
jlSCF_15	20685798	20713956	3	16,21,27	0	0	0	0	0	0	0	0	0	0	0	0	0	0	0	1	0	0	0	0	1	0	0	0	0	0	1
jlSCF_15	20713956	20782842	7	10,11,12,13,16,21,27	0	0	0	0	0	0	0	0	0	1	1	1	1	0	0	1	0	0	0	0	1	0	0	0	0	0	1
jlSCF_15	20782842	20826643	8	8,10,11,12,13,16,21,27	0	0	0	0	0	0	0	1	0	1	1	1	1	0	0	1	0	0	0	0	1	0	0	0	0	0	1
jlSCF_15	20826643	20834061	12	2,5,8,9,10,11,12,13,16,21,25,27	0	1	0	0	1	0	0	1	1	1	1	1	1	0	0	1	0	0	0	0	1	0	0	0	1	0	1
jlSCF_15	20834061	20874638	16	2,5,6,8,9,10,11,12,13,16,17,21,22,24,25,27	0	1	0	0	1	1	0	1	1	1	1	1	1	0	0	1	1	0	0	0	1	1	0	1	1	0	1
jlSCF_15	20874638	20874639	15	2,5,6,8,9,10,11,12,13,16,17,21,24,25,27	0	1	0	0	1	1	0	1	1	1	1	1	1	0	0	1	1	0	0	0	1	0	0	1	1	0	1
jlSCF_15	20874639	20883535	17	2,3,5,6,7,8,9,10,11,12,13,16,17,21,24,25,27	0	1	1	0	1	1	1	1	1	1	1	1	1	0	0	1	1	0	0	0	1	0	0	1	1	0	1
jlSCF_15	20883535	20930695	16	2,3,5,6,7,8,9,10,11,12,13,16,21,24,25,27	0	1	1	0	1	1	1	1	1	1	1	1	1	0	0	1	0	0	0	0	1	0	0	1	1	0	1
jlSCF_15	20930695	20944480	11	3,5,6,7,8,9,16,21,24,25,27	0	0	1	0	1	1	1	1	1	0	0	0	0	0	0	1	0	0	0	0	1	0	0	1	1	0	1
jlSCF_15	20944480	21002902	6	3,5,7,16,25,27	0	0	1	0	1	0	1	0	0	0	0	0	0	0	0	1	0	0	0	0	0	0	0	0	1	0	1
jlSCF_15	21002902	21037760	4	5,16,25,27	0	0	0	0	1	0	0	0	0	0	0	0	0	0	0	1	0	0	0	0	0	0	0	0	1	0	1
jlSCF_15	21508701	21563889	1	26	0	0	0	0	0	0	0	0	0	0	0	0	0	0	0	0	0	0	0	0	0	0	0	0	0	1	0
jlSCF_15	21563889	21617619	2	8,26	0	0	0	0	0	0	0	1	0	0	0	0	0	0	0	0	0	0	0	0	0	0	0	0	0	1	0
jlSCF_15	21617619	21675184	3	2,8,26	0	1	0	0	0	0	0	1	0	0	0	0	0	0	0	0	0	0	0	0	0	0	0	0	0	1	0
jlSCF_15	21675184	21705225	4	2,8,19,26	0	1	0	0	0	0	0	1	0	0	0	0	0	0	0	0	0	0	1	0	0	0	0	0	0	1	0
jlSCF_15	21705225	21737633	25	2,3,4,5,6,7,8,9,10,11,12,13,14,15,16,18,19,20,21,22,23,24,25,26,27	0	1	1	1	1	1	1	1	1	1	1	1	1	1	1	1	0	1	1	1	1	1	1	1	1	1	1
jlSCF_16	0	105230	22	1,2,3,4,5,6,8,9,10,11,12,13,17,18,19,20,21,22,23,24,25,26	1	1	1	1	1	1	0	1	1	1	1	1	1	0	0	0	1	1	1	1	1	1	1	1	1	1	0
jlSCF_16	105230	125419	21	1,3,4,5,6,8,9,10,11,12,13,17,18,19,20,21,22,23,24,25,26	1	0	1	1	1	1	0	1	1	1	1	1	1	0	0	0	1	1	1	1	1	1	1	1	1	1	0
jlSCF_16	125419	138043	6	1,4,9,23,25,26	1	0	0	1	0	0	0	0	1	0	0	0	0	0	0	0	0	0	0	0	0	0	1	0	1	1	0
jlSCF_16	138043	167303	3	4,23,25	0	0	0	1	0	0	0	0	0	0	0	0	0	0	0	0	0	0	0	0	0	0	1	0	1	0	0
jlSCF_16	167303	225201	2	4,23	0	0	0	1	0	0	0	0	0	0	0	0	0	0	0	0	0	0	0	0	0	0	1	0	0	0	0
jlSCF_16	225201	623217	1	4	0	0	0	1	0	0	0	0	0	0	0	0	0	0	0	0	0	0	0	0	0	0	0	0	0	0	0
jlSCF_16	623217	664963	2	4,26	0	0	0	1	0	0	0	0	0	0	0	0	0	0	0	0	0	0	0	0	0	0	0	0	0	1	0
jlSCF_16	664963	805391	3	4,25,26	0	0	0	1	0	0	0	0	0	0	0	0	0	0	0	0	0	0	0	0	0	0	0	0	1	1	0
jlSCF_16	805391	825116	7	4,10,11,12,13,25,26	0	0	0	1	0	0	0	0	0	1	1	1	1	0	0	0	0	0	0	0	0	0	0	0	1	1	0
jlSCF_16	825116	922370	6	4,10,11,12,13,26	0	0	0	1	0	0	0	0	0	1	1	1	1	0	0	0	0	0	0	0	0	0	0	0	0	1	0
jlSCF_16	922370	970780	10	4,6,10,11,12,13,18,19,20,26	0	0	0	1	0	1	0	0	0	1	1	1	1	0	0	0	0	1	1	1	0	0	0	0	0	1	0
jlSCF_16	970780	1043000	11	4,6,10,11,12,13,18,19,20,25,26	0	0	0	1	0	1	0	0	0	1	1	1	1	0	0	0	0	1	1	1	0	0	0	0	1	1	0
jlSCF_16	1043000	1328123	13	4,6,10,11,12,13,17,18,19,20,24,25,26	0	0	0	1	0	1	0	0	0	1	1	1	1	0	0	0	1	1	1	1	0	0	0	1	1	1	0
jlSCF_16	1328123	1363657	14	4,6,9,10,11,12,13,17,18,19,20,24,25,26	0	0	0	1	0	1	0	0	1	1	1	1	1	0	0	0	1	1	1	1	0	0	0	1	1	1	0
jlSCF_16	1363657	1417469	12	4,9,10,11,12,13,17,18,19,24,25,26	0	0	0	1	0	0	0	0	1	1	1	1	1	0	0	0	1	1	1	0	0	0	0	1	1	1	0
jlSCF_16	1417469	1460875	11	4,9,10,11,12,13,17,18,19,24,26	0	0	0	1	0	0	0	0	1	1	1	1	1	0	0	0	1	1	1	0	0	0	0	1	0	1	0
jlSCF_16	1460875	1493521	8	4,9,10,11,12,18,19,24	0	0	0	1	0	0	0	0	1	1	1	1	0	0	0	0	0	1	1	0	0	0	0	1	0	0	0
jlSCF_16	1493521	1531430	1	4	0	0	0	1	0	0	0	0	0	0	0	0	0	0	0	0	0	0	0	0	0	0	0	0	0	0	0
jlSCF_16	2865586	3117124	1	23	0	0	0	0	0	0	0	0	0	0	0	0	0	0	0	0	0	0	0	0	0	0	1	0	0	0	0
jlSCF_16	3117124	3175212	2	19,23	0	0	0	0	0	0	0	0	0	0	0	0	0	0	0	0	0	0	1	0	0	0	1	0	0	0	0
jlSCF_16	3175212	3444847	5	3,4,18,19,23	0	0	1	1	0	0	0	0	0	0	0	0	0	0	0	0	0	1	1	0	0	0	1	0	0	0	0
jlSCF_16	3444847	8620914	2	4,18	0	0	0	1	0	0	0	0	0	0	0	0	0	0	0	0	0	1	0	0	0	0	0	0	0	0	0
jlSCF_16	8620914	8620915	1	18	0	0	0	0	0	0	0	0	0	0	0	0	0	0	0	0	0	1	0	0	0	0	0	0	0	0	0
jlSCF_16	8620915	8878585	3	2,18,25	0	1	0	0	0	0	0	0	0	0	0	0	0	0	0	0	0	1	0	0	0	0	0	0	1	0	0
jlSCF_16	8878585	8901478	7	2,4,6,8,18,22,25	0	1	0	1	0	1	0	1	0	0	0	0	0	0	0	0	0	1	0	0	0	1	0	0	1	0	0
jlSCF_16	8901478	8982974	21	2,3,4,6,7,8,10,11,12,14,15,16,18,20,21,22,23,24,25,26,27	0	1	1	1	0	1	1	1	0	1	1	1	0	1	1	1	0	1	0	1	1	1	1	1	1	1	1
jlSCF_16	8982974	9158112	22	2,3,4,6,7,8,10,11,12,14,15,16,18,19,20,21,22,23,24,25,26,27	0	1	1	1	0	1	1	1	0	1	1	1	0	1	1	1	0	1	1	1	1	1	1	1	1	1	1
jlSCF_16	9158112	9532612	6	4,6,8,18,22,25	0	0	0	1	0	1	0	1	0	0	0	0	0	0	0	0	0	1	0	0	0	1	0	0	1	0	0
jlSCF_16	9532612	9562268	7	4,6,8,18,22,25,26	0	0	0	1	0	1	0	1	0	0	0	0	0	0	0	0	0	1	0	0	0	1	0	0	1	1	0
jlSCF_16	9562268	9632334	8	4,6,8,9,18,22,25,26	0	0	0	1	0	1	0	1	1	0	0	0	0	0	0	0	0	1	0	0	0	1	0	0	1	1	0
jlSCF_16	9632334	9723032	7	4,6,8,9,22,25,26	0	0	0	1	0	1	0	1	1	0	0	0	0	0	0	0	0	0	0	0	0	1	0	0	1	1	0
jlSCF_16	9723032	9797501	8	4,6,8,9,22,24,25,26	0	0	0	1	0	1	0	1	1	0	0	0	0	0	0	0	0	0	0	0	0	1	0	1	1	1	0
jlSCF_16	9797501	9828449	5	4,6,9,24,25	0	0	0	1	0	1	0	0	1	0	0	0	0	0	0	0	0	0	0	0	0	0	0	1	1	0	0
jlSCF_16	9828449	9968294	4	6,9,24,25	0	0	0	0	0	1	0	0	1	0	0	0	0	0	0	0	0	0	0	0	0	0	0	1	1	0	0
jlSCF_16	9968294	10000256	3	6,9,25	0	0	0	0	0	1	0	0	1	0	0	0	0	0	0	0	0	0	0	0	0	0	0	0	1	0	0
jlSCF_16	10000256	10025306	4	6,9,17,25	0	0	0	0	0	1	0	0	1	0	0	0	0	0	0	0	1	0	0	0	0	0	0	0	1	0	0
jlSCF_16	10025306	10057858	5	5,6,9,17,25	0	0	0	0	1	1	0	0	1	0	0	0	0	0	0	0	1	0	0	0	0	0	0	0	1	0	0
jlSCF_16	10057858	10130825	4	5,6,9,17	0	0	0	0	1	1	0	0	1	0	0	0	0	0	0	0	1	0	0	0	0	0	0	0	0	0	0
jlSCF_16	10130825	10155669	5	5,6,9,17,26	0	0	0	0	1	1	0	0	1	0	0	0	0	0	0	0	1	0	0	0	0	0	0	0	0	1	0
jlSCF_16	10155669	10229257	10	5,6,9,10,11,12,13,17,18,26	0	0	0	0	1	1	0	0	1	1	1	1	1	0	0	0	1	1	0	0	0	0	0	0	0	1	0
jlSCF_16	10229257	10333847	17	4,5,6,7,8,9,10,11,12,13,17,18,19,21,22,24,26	0	0	0	1	1	1	1	1	1	1	1	1	1	0	0	0	1	1	1	0	1	1	0	1	0	1	0
jlSCF_16	10333847	10441720	16	4,5,7,8,9,10,11,12,13,17,18,19,21,22,24,26	0	0	0	1	1	0	1	1	1	1	1	1	1	0	0	0	1	1	1	0	1	1	0	1	0	1	0
jlSCF_16	10441720	10500190	5	5,7,8,17,21	0	0	0	0	1	0	1	1	0	0	0	0	0	0	0	0	1	0	0	0	1	0	0	0	0	0	0
jlSCF_16	11320588	11341662	1	9	0	0	0	0	0	0	0	0	1	0	0	0	0	0	0	0	0	0	0	0	0	0	0	0	0	0	0
jlSCF_16	11341662	11410876	2	8,9	0	0	0	0	0	0	0	1	1	0	0	0	0	0	0	0	0	0	0	0	0	0	0	0	0	0	0
jlSCF_16	12562074	12571262	1	25	0	0	0	0	0	0	0	0	0	0	0	0	0	0	0	0	0	0	0	0	0	0	0	0	1	0	0
jlSCF_16	12571262	12581015	5	4,10,11,12,25	0	0	0	1	0	0	0	0	0	1	1	1	0	0	0	0	0	0	0	0	0	0	0	0	1	0	0
jlSCF_16	12581015	12645147	6	4,10,11,12,13,25	0	0	0	1	0	0	0	0	0	1	1	1	1	0	0	0	0	0	0	0	0	0	0	0	1	0	0
jlSCF_16	12645147	12645148	5	10,11,12,13,25	0	0	0	0	0	0	0	0	0	1	1	1	1	0	0	0	0	0	0	0	0	0	0	0	1	0	0
jlSCF_16	12645148	12668052	9	9,10,11,12,13,17,22,23,25	0	0	0	0	0	0	0	0	1	1	1	1	1	0	0	0	1	0	0	0	0	1	1	0	1	0	0
jlSCF_16	12668052	12769476	11	9,10,11,12,13,17,20,22,23,25,26	0	0	0	0	0	0	0	0	1	1	1	1	1	0	0	0	1	0	0	1	0	1	1	0	1	1	0
jlSCF_16	12769476	12784465	14	9,10,11,12,13,17,18,20,21,22,23,24,25,26	0	0	0	0	0	0	0	0	1	1	1	1	1	0	0	0	1	1	0	1	1	1	1	1	1	1	0
jlSCF_16	12784465	12840102	19	5,6,7,8,9,10,11,12,13,17,18,19,20,21,22,23,24,25,26	0	0	0	0	1	1	1	1	1	1	1	1	1	0	0	0	1	1	1	1	1	1	1	1	1	1	0
jlSCF_16	12840102	12843763	20	2,5,6,7,8,9,10,11,12,13,17,18,19,20,21,22,23,24,25,26	0	1	0	0	1	1	1	1	1	1	1	1	1	0	0	0	1	1	1	1	1	1	1	1	1	1	0
jlSCF_16	12843763	12870010	21	2,3,5,6,7,8,9,10,11,12,13,17,18,19,20,21,22,23,24,25,26	0	1	1	0	1	1	1	1	1	1	1	1	1	0	0	0	1	1	1	1	1	1	1	1	1	1	0
jlSCF_16	12870010	13137247	23	1,2,3,4,5,6,7,8,9,10,11,12,13,17,18,19,20,21,22,23,24,25,26	1	1	1	1	1	1	1	1	1	1	1	1	1	0	0	0	1	1	1	1	1	1	1	1	1	1	0
jlSCF_16	13137247	13326197	22	1,2,3,4,5,6,7,8,9,10,11,12,13,17,18,19,20,21,22,23,24,26	1	1	1	1	1	1	1	1	1	1	1	1	1	0	0	0	1	1	1	1	1	1	1	1	0	1	0
jlSCF_16	13326197	13425491	21	1,3,4,5,6,7,8,9,10,11,12,13,17,18,19,20,21,22,23,24,26	1	0	1	1	1	1	1	1	1	1	1	1	1	0	0	0	1	1	1	1	1	1	1	1	0	1	0
jlSCF_16	13425491	13520668	20	1,3,4,5,6,7,8,9,10,11,12,13,17,18,19,20,21,22,23,26	1	0	1	1	1	1	1	1	1	1	1	1	1	0	0	0	1	1	1	1	1	1	1	0	0	1	0
jlSCF_16	13520668	13531860	19	3,4,5,6,7,8,9,10,11,12,13,17,18,19,20,21,22,23,26	0	0	1	1	1	1	1	1	1	1	1	1	1	0	0	0	1	1	1	1	1	1	1	0	0	1	0
jlSCF_16	13531860	13577766	14	5,6,7,8,9,10,11,12,13,18,19,20,21,26	0	0	0	0	1	1	1	1	1	1	1	1	1	0	0	0	0	1	1	1	1	0	0	0	0	1	0
jlSCF_16	13577766	13594636	13	5,6,7,8,9,10,11,12,13,18,19,21,26	0	0	0	0	1	1	1	1	1	1	1	1	1	0	0	0	0	1	1	0	1	0	0	0	0	1	0
jlSCF_16	13594636	13605879	11	7,8,9,10,11,12,13,18,19,21,26	0	0	0	0	0	0	1	1	1	1	1	1	1	0	0	0	0	1	1	0	1	0	0	0	0	1	0
jlSCF_16	14678916	14685184	1	17	0	0	0	0	0	0	0	0	0	0	0	0	0	0	0	0	1	0	0	0	0	0	0	0	0	0	0
jlSCF_16	14685184	14843132	3	5,8,17	0	0	0	0	1	0	0	1	0	0	0	0	0	0	0	0	1	0	0	0	0	0	0	0	0	0	0
jlSCF_16	14843132	14884187	4	4,5,8,17	0	0	0	1	1	0	0	1	0	0	0	0	0	0	0	0	1	0	0	0	0	0	0	0	0	0	0
jlSCF_16	14884187	14919455	3	4,5,17	0	0	0	1	1	0	0	0	0	0	0	0	0	0	0	0	1	0	0	0	0	0	0	0	0	0	0
jlSCF_16	14919455	14943406	6	3,4,5,17,24,25	0	0	1	1	1	0	0	0	0	0	0	0	0	0	0	0	1	0	0	0	0	0	0	1	1	0	0
jlSCF_16	14943406	15079837	3	3,24,25	0	0	1	0	0	0	0	0	0	0	0	0	0	0	0	0	0	0	0	0	0	0	0	1	1	0	0
jlSCF_16	15079837	15353714	4	3,6,24,25	0	0	1	0	0	1	0	0	0	0	0	0	0	0	0	0	0	0	0	0	0	0	0	1	1	0	0
jlSCF_16	15870311	16172957	10	4,5,6,9,10,11,12,13,19,25	0	0	0	1	1	1	0	0	1	1	1	1	1	0	0	0	0	0	1	0	0	0	0	0	1	0	0
jlSCF_16	16172957	16311087	9	4,5,6,9,10,11,12,13,19	0	0	0	1	1	1	0	0	1	1	1	1	1	0	0	0	0	0	1	0	0	0	0	0	0	0	0
jlSCF_16	16311087	16418344	11	4,5,6,9,10,11,12,13,18,19,24	0	0	0	1	1	1	0	0	1	1	1	1	1	0	0	0	0	1	1	0	0	0	0	1	0	0	0
jlSCF_16	16418344	16452454	10	5,6,9,10,11,12,13,18,19,24	0	0	0	0	1	1	0	0	1	1	1	1	1	0	0	0	0	1	1	0	0	0	0	1	0	0	0
jlSCF_16	16452454	16524280	9	5,6,9,10,11,12,13,18,19	0	0	0	0	1	1	0	0	1	1	1	1	1	0	0	0	0	1	1	0	0	0	0	0	0	0	0
jlSCF_16	16524280	16629642	10	5,6,9,10,11,12,13,18,19,21	0	0	0	0	1	1	0	0	1	1	1	1	1	0	0	0	0	1	1	0	1	0	0	0	0	0	0
jlSCF_16	16629642	16762582	8	5,6,9,10,11,12,18,21	0	0	0	0	1	1	0	0	1	1	1	1	0	0	0	0	0	1	0	0	1	0	0	0	0	0	0
jlSCF_16	16762582	16853797	4	5,6,9,21	0	0	0	0	1	1	0	0	1	0	0	0	0	0	0	0	0	0	0	0	1	0	0	0	0	0	0
jlSCF_16	17201724	17301683	18	1,2,4,5,6,7,8,9,10,11,12,13,17,18,19,21,24,26	1	1	0	1	1	1	1	1	1	1	1	1	1	0	0	0	1	1	1	0	1	0	0	1	0	1	0
jlSCF_16	17301683	17399073	19	1,2,4,5,6,7,8,9,10,11,12,13,17,18,19,21,23,24,26	1	1	0	1	1	1	1	1	1	1	1	1	1	0	0	0	1	1	1	0	1	0	1	1	0	1	0
jlSCF_16	17399073	17485446	18	1,2,4,5,6,8,9,10,11,12,13,17,18,19,21,23,24,26	1	1	0	1	1	1	0	1	1	1	1	1	1	0	0	0	1	1	1	0	1	0	1	1	0	1	0
jlSCF_16	17485446	17510331	17	1,4,5,6,8,9,10,11,12,13,17,18,19,21,23,24,26	1	0	0	1	1	1	0	1	1	1	1	1	1	0	0	0	1	1	1	0	1	0	1	1	0	1	0
jlSCF_16	17510331	17615618	14	4,5,6,8,9,10,11,12,18,19,21,23,24,26	0	0	0	1	1	1	0	1	1	1	1	1	0	0	0	0	0	1	1	0	1	0	1	1	0	1	0
jlSCF_16	17615618	17650201	13	4,5,6,8,9,10,11,12,19,21,23,24,26	0	0	0	1	1	1	0	1	1	1	1	1	0	0	0	0	0	0	1	0	1	0	1	1	0	1	0
