chrom	start	end	num	list	10_137_S27_L003_NYC_rubella.bed	10_143_S28_L003_NYC_rubella.bed	10_148_S29_L003_NYC_rubella.bed	11_160_S30_L003_NYC_rubella.bed	11_161_S31_L003_NYC_rubella.bed	1_13_S2_L003_NYC_rubella.bed	1_15_S3_L003_NYC_rubella.bed	13_184_S32_L003_NYC_rubella.bed	13_188_S33_L003_NYC_rubella.bed	13_192_S34_L003_NYC_rubella.bed	1_3_S1_L003_NYC_rubella.bed	14_200_S35_L003_NYC_rubella.bed	14_201_S36_L003_NYC_rubella.bed	15_211_S37_L003_NYC_rubella.bed	15_213_S38_L003_NYC_rubella.bed	15_224_S39_L003_NYC_rubella.bed	16_227_S40_L003_NYC_rubella.bed	16_235_S41_L003_NYC_rubella.bed	16_239_S42_L003_NYC_rubella.bed	17_241_S43_L003_NYC_rubella.bed	17_249_S44_L003_NYC_rubella.bed	17_254_S45_L003_NYC_rubella.bed	18_256_S46_L003_NYC_rubella.bed	18_258_S47_L003_NYC_rubella.bed	18_270_S48_L003_NYC_rubella.bed	19_274_S49_L003_NYC_rubella.bed	19_280_S50_L003_NYC_rubella.bed	19_284_S51_L003_NYC_rubella.bed	20_290_S52_L003_NYC_rubella.bed	20_295_S53_L003_NYC_rubella.bed	20_300_S54_L003_NYC_rubella.bed	21_302_S55_L003_NYC_rubella.bed	21_306_S56_L003_NYC_rubella.bed	21_312_S57_L003_NYC_rubella.bed	2_19_S4_L003_NYC_rubella.bed	22_320_S58_L003_NYC_rubella.bed	22_321_S59_L003_NYC_rubella.bed	22_325_S60_L003_NYC_rubella.bed	2_27_S5_L003_NYC_rubella.bed	2_30_S6_L003_NYC_rubella.bed	23_337_S61_L003_NYC_rubella.bed	23_341_S62_L003_NYC_rubella.bed	24_351_S63_L003_NYC_rubella.bed	24_357_S64_L003_NYC_rubella.bed	24_359_S65_L003_NYC_rubella.bed	3_36_S7_L003_NYC_rubella.bed	3_38_S8_L003_NYC_rubella.bed	4_46_S9_L003_NYC_rubella.bed	4_54_S10_L003_NYC_rubella.bed	4_55_S11_L003_NYC_rubella.bed	5_61_S12_L003_NYC_rubella.bed	5_66_S13_L003_NYC_rubella.bed	5_69_S14_L003_NYC_rubella.bed	6_80_S15_L003_NYC_rubella.bed	6_83_S16_L003_NYC_rubella.bed	6_89_S17_L003_NYC_rubella.bed	7_105_S20_L003_NYC_rubella.bed	7_94_S18_L003_NYC_rubella.bed	7_99_S19_L003_NYC_rubella.bed	8_112_S21_L003_NYC_rubella.bed	8_117_S22_L003_NYC_rubella.bed	8_118_S23_L003_NYC_rubella.bed	9_122_S24_L003_NYC_rubella.bed	9_123_S25_L003_NYC_rubella.bed	9_127_S26_L003_NYC_rubella.bed
jlSCF_9	0	468397	61	1,2,3,5,6,7,8,9,11,14,15,16,17,18,19,20,21,22,23,24,25,26,27,28,29,30,31,32,33,34,35,36,37,38,39,40,41,42,43,44,45,46,47,48,49,50,51,52,53,54,55,56,57,58,59,60,61,62,63,64,65	1	1	1	0	1	1	1	1	1	0	1	0	0	1	1	1	1	1	1	1	1	1	1	1	1	1	1	1	1	1	1	1	1	1	1	1	1	1	1	1	1	1	1	1	1	1	1	1	1	1	1	1	1	1	1	1	1	1	1	1	1	1	1	1	1
jlSCF_9	468397	589331	56	1,2,3,5,6,8,9,11,14,17,18,19,20,21,22,23,24,25,26,27,28,29,30,31,32,33,34,35,36,37,38,39,40,41,42,43,44,45,46,47,48,49,50,51,52,53,54,55,56,57,58,59,60,62,63,64	1	1	1	0	1	1	0	1	1	0	1	0	0	1	0	0	1	1	1	1	1	1	1	1	1	1	1	1	1	1	1	1	1	1	1	1	1	1	1	1	1	1	1	1	1	1	1	1	1	1	1	1	1	1	1	1	1	1	1	1	0	1	1	1	0
jlSCF_9	589331	631048	20	1,2,8,9,26,27,28,29,30,31,41,42,43,44,45,54,55,56,60,62	1	1	0	0	0	0	0	1	1	0	0	0	0	0	0	0	0	0	0	0	0	0	0	0	0	1	1	1	1	1	1	0	0	0	0	0	0	0	0	0	1	1	1	1	1	0	0	0	0	0	0	0	0	1	1	1	0	0	0	1	0	1	0	0	0
jlSCF_9	631048	675831	19	1,2,8,9,26,27,28,29,30,31,41,42,43,44,45,54,56,60,62	1	1	0	0	0	0	0	1	1	0	0	0	0	0	0	0	0	0	0	0	0	0	0	0	0	1	1	1	1	1	1	0	0	0	0	0	0	0	0	0	1	1	1	1	1	0	0	0	0	0	0	0	0	1	0	1	0	0	0	1	0	1	0	0	0
jlSCF_9	2755140	2809577	8	5,17,18,19,26,27,28,62	0	0	0	0	1	0	0	0	0	0	0	0	0	0	0	0	1	1	1	0	0	0	0	0	0	1	1	1	0	0	0	0	0	0	0	0	0	0	0	0	0	0	0	0	0	0	0	0	0	0	0	0	0	0	0	0	0	0	0	0	0	1	0	0	0
jlSCF_9	2809577	2903007	9	5,17,18,19,26,27,28,41,62	0	0	0	0	1	0	0	0	0	0	0	0	0	0	0	0	1	1	1	0	0	0	0	0	0	1	1	1	0	0	0	0	0	0	0	0	0	0	0	0	1	0	0	0	0	0	0	0	0	0	0	0	0	0	0	0	0	0	0	0	0	1	0	0	0
jlSCF_9	2903007	2942965	50	1,2,3,4,5,6,7,8,9,11,12,13,14,17,18,19,20,21,22,23,24,25,26,27,28,29,30,31,32,33,34,41,42,46,47,48,49,50,51,52,53,54,55,56,60,61,62,63,64,65	1	1	1	1	1	1	1	1	1	0	1	1	1	1	0	0	1	1	1	1	1	1	1	1	1	1	1	1	1	1	1	1	1	1	0	0	0	0	0	0	1	1	0	0	0	1	1	1	1	1	1	1	1	1	1	1	0	0	0	1	1	1	1	1	1
jlSCF_9	2942965	2962531	55	1,2,3,4,5,6,7,8,9,11,12,13,14,15,16,17,18,19,20,21,22,23,24,25,26,27,28,29,30,31,32,33,34,36,37,38,41,42,46,47,48,49,50,51,52,53,54,55,56,60,61,62,63,64,65	1	1	1	1	1	1	1	1	1	0	1	1	1	1	1	1	1	1	1	1	1	1	1	1	1	1	1	1	1	1	1	1	1	1	0	1	1	1	0	0	1	1	0	0	0	1	1	1	1	1	1	1	1	1	1	1	0	0	0	1	1	1	1	1	1
jlSCF_9	2962531	3231977	58	1,2,3,4,5,6,7,8,9,11,12,13,14,15,16,17,18,19,20,21,22,23,24,25,26,27,28,29,30,31,32,33,34,36,37,38,41,42,46,47,48,49,50,51,52,53,54,55,56,57,58,59,60,61,62,63,64,65	1	1	1	1	1	1	1	1	1	0	1	1	1	1	1	1	1	1	1	1	1	1	1	1	1	1	1	1	1	1	1	1	1	1	0	1	1	1	0	0	1	1	0	0	0	1	1	1	1	1	1	1	1	1	1	1	1	1	1	1	1	1	1	1	1
jlSCF_9	3231977	3268510	39	4,5,7,15,16,17,18,19,21,22,26,27,28,29,30,31,32,33,34,36,37,38,41,42,48,49,50,51,52,53,55,57,58,59,60,62,63,64,65	0	0	0	1	1	0	1	0	0	0	0	0	0	0	1	1	1	1	1	0	1	1	0	0	0	1	1	1	1	1	1	1	1	1	0	1	1	1	0	0	1	1	0	0	0	0	0	1	1	1	1	1	1	0	1	0	1	1	1	1	0	1	1	1	1
jlSCF_9	3268510	3293820	19	5,7,17,18,19,26,27,28,41,42,48,49,50,57,58,59,60,62,65	0	0	0	0	1	0	1	0	0	0	0	0	0	0	0	0	1	1	1	0	0	0	0	0	0	1	1	1	0	0	0	0	0	0	0	0	0	0	0	0	1	1	0	0	0	0	0	1	1	1	0	0	0	0	0	0	1	1	1	1	0	1	0	0	1
jlSCF_9	3293820	3323006	8	7,41,42,57,58,59,60,65	0	0	0	0	0	0	1	0	0	0	0	0	0	0	0	0	0	0	0	0	0	0	0	0	0	0	0	0	0	0	0	0	0	0	0	0	0	0	0	0	1	1	0	0	0	0	0	0	0	0	0	0	0	0	0	0	1	1	1	1	0	0	0	0	1
jlSCF_9	3323006	3389565	5	7,41,42,60,65	0	0	0	0	0	0	1	0	0	0	0	0	0	0	0	0	0	0	0	0	0	0	0	0	0	0	0	0	0	0	0	0	0	0	0	0	0	0	0	0	1	1	0	0	0	0	0	0	0	0	0	0	0	0	0	0	0	0	0	1	0	0	0	0	1
jlSCF_9	3389565	3520633	14	6,7,11,14,24,25,36,37,38,41,42,47,60,65	0	0	0	0	0	1	1	0	0	0	1	0	0	1	0	0	0	0	0	0	0	0	0	1	1	0	0	0	0	0	0	0	0	0	0	1	1	1	0	0	1	1	0	0	0	0	1	0	0	0	0	0	0	0	0	0	0	0	0	1	0	0	0	0	1
jlSCF_9	3520633	3573648	6	36,37,38,41,60,65	0	0	0	0	0	0	0	0	0	0	0	0	0	0	0	0	0	0	0	0	0	0	0	0	0	0	0	0	0	0	0	0	0	0	0	1	1	1	0	0	1	0	0	0	0	0	0	0	0	0	0	0	0	0	0	0	0	0	0	1	0	0	0	0	1
jlSCF_9	3573648	3611416	17	10,17,18,19,36,37,38,41,43,44,45,48,49,50,60,62,65	0	0	0	0	0	0	0	0	0	1	0	0	0	0	0	0	1	1	1	0	0	0	0	0	0	0	0	0	0	0	0	0	0	0	0	1	1	1	0	0	1	0	1	1	1	0	0	1	1	1	0	0	0	0	0	0	0	0	0	1	0	1	0	0	1
jlSCF_9	3611416	3746737	16	10,17,18,19,36,37,38,43,44,45,48,49,50,60,62,65	0	0	0	0	0	0	0	0	0	1	0	0	0	0	0	0	1	1	1	0	0	0	0	0	0	0	0	0	0	0	0	0	0	0	0	1	1	1	0	0	0	0	1	1	1	0	0	1	1	1	0	0	0	0	0	0	0	0	0	1	0	1	0	0	1
jlSCF_9	3746737	3801083	17	10,17,18,19,36,37,38,42,43,44,45,48,49,50,60,62,65	0	0	0	0	0	0	0	0	0	1	0	0	0	0	0	0	1	1	1	0	0	0	0	0	0	0	0	0	0	0	0	0	0	0	0	1	1	1	0	0	0	1	1	1	1	0	0	1	1	1	0	0	0	0	0	0	0	0	0	1	0	1	0	0	1
jlSCF_9	3801083	3827769	36	1,2,3,4,5,8,9,10,12,13,16,17,18,19,20,36,37,38,41,42,43,44,45,48,49,50,54,56,57,58,59,60,61,62,64,65	1	1	1	1	1	0	0	1	1	1	0	1	1	0	0	1	1	1	1	1	0	0	0	0	0	0	0	0	0	0	0	0	0	0	0	1	1	1	0	0	1	1	1	1	1	0	0	1	1	1	0	0	0	1	0	1	1	1	1	1	1	1	0	1	1
jlSCF_9	3827769	3883104	37	1,2,3,4,5,8,9,10,12,13,16,17,18,19,20,36,37,38,41,42,43,44,45,48,49,50,54,56,57,58,59,60,61,62,63,64,65	1	1	1	1	1	0	0	1	1	1	0	1	1	0	0	1	1	1	1	1	0	0	0	0	0	0	0	0	0	0	0	0	0	0	0	1	1	1	0	0	1	1	1	1	1	0	0	1	1	1	0	0	0	1	0	1	1	1	1	1	1	1	1	1	1
jlSCF_9	3883104	3926538	54	1,2,3,4,5,8,9,10,12,13,14,15,16,17,18,19,20,21,22,29,30,31,32,33,34,35,36,37,38,39,40,41,42,43,44,45,48,49,50,51,52,53,54,55,56,57,58,59,60,61,62,63,64,65	1	1	1	1	1	0	0	1	1	1	0	1	1	1	1	1	1	1	1	1	1	1	0	0	0	0	0	0	1	1	1	1	1	1	1	1	1	1	1	1	1	1	1	1	1	0	0	1	1	1	1	1	1	1	1	1	1	1	1	1	1	1	1	1	1
jlSCF_9	3926538	4020403	55	1,2,3,4,5,7,8,9,10,12,13,14,15,16,17,18,19,20,21,22,29,30,31,32,33,34,35,36,37,38,39,40,41,42,43,44,45,48,49,50,51,52,53,54,55,56,57,58,59,60,61,62,63,64,65	1	1	1	1	1	0	1	1	1	1	0	1	1	1	1	1	1	1	1	1	1	1	0	0	0	0	0	0	1	1	1	1	1	1	1	1	1	1	1	1	1	1	1	1	1	0	0	1	1	1	1	1	1	1	1	1	1	1	1	1	1	1	1	1	1
jlSCF_9	4020403	4187231	65	1,2,3,4,5,6,7,8,9,10,11,12,13,14,15,16,17,18,19,20,21,22,23,24,25,26,27,28,29,30,31,32,33,34,35,36,37,38,39,40,41,42,43,44,45,46,47,48,49,50,51,52,53,54,55,56,57,58,59,60,61,62,63,64,65	1	1	1	1	1	1	1	1	1	1	1	1	1	1	1	1	1	1	1	1	1	1	1	1	1	1	1	1	1	1	1	1	1	1	1	1	1	1	1	1	1	1	1	1	1	1	1	1	1	1	1	1	1	1	1	1	1	1	1	1	1	1	1	1	1
jlSCF_9	4187231	4342919	52	1,2,3,4,5,6,7,8,9,10,11,12,13,15,16,17,18,19,20,21,22,23,24,25,26,27,28,29,31,32,33,34,36,37,38,41,43,44,45,48,49,50,54,56,57,58,59,60,61,62,63,64	1	1	1	1	1	1	1	1	1	1	1	1	1	0	1	1	1	1	1	1	1	1	1	1	1	1	1	1	1	0	1	1	1	1	0	1	1	1	0	0	1	0	1	1	1	0	0	1	1	1	0	0	0	1	0	1	1	1	1	1	1	1	1	1	0
jlSCF_9	4342919	4490009	50	1,2,3,5,6,7,8,9,10,11,12,13,16,17,18,19,20,21,22,23,24,25,26,27,28,29,31,32,33,34,36,37,38,41,43,44,45,48,49,50,54,56,57,58,59,60,61,62,63,64	1	1	1	0	1	1	1	1	1	1	1	1	1	0	0	1	1	1	1	1	1	1	1	1	1	1	1	1	1	0	1	1	1	1	0	1	1	1	0	0	1	0	1	1	1	0	0	1	1	1	0	0	0	1	0	1	1	1	1	1	1	1	1	1	0
jlSCF_9	4490009	4572505	37	1,2,3,6,8,9,10,11,12,13,16,17,18,19,20,21,22,23,24,25,32,33,34,41,43,44,45,48,49,50,54,56,57,58,59,60,62	1	1	1	0	0	1	0	1	1	1	1	1	1	0	0	1	1	1	1	1	1	1	1	1	1	0	0	0	0	0	0	1	1	1	0	0	0	0	0	0	1	0	1	1	1	0	0	1	1	1	0	0	0	1	0	1	1	1	1	1	0	1	0	0	0
jlSCF_9	4572505	4597640	7	8,9,16,20,43,44,45	0	0	0	0	0	0	0	1	1	0	0	0	0	0	0	1	0	0	0	1	0	0	0	0	0	0	0	0	0	0	0	0	0	0	0	0	0	0	0	0	0	0	1	1	1	0	0	0	0	0	0	0	0	0	0	0	0	0	0	0	0	0	0	0	0
jlSCF_9	4814050	4829167	16	1,2,3,10,12,13,32,33,34,43,44,45,54,56,60,62	1	1	1	0	0	0	0	0	0	1	0	1	1	0	0	0	0	0	0	0	0	0	0	0	0	0	0	0	0	0	0	1	1	1	0	0	0	0	0	0	0	0	1	1	1	0	0	0	0	0	0	0	0	1	0	1	0	0	0	1	0	1	0	0	0
jlSCF_9	4829167	4905535	20	1,2,3,8,9,10,12,13,16,20,32,33,34,43,44,45,54,56,60,62	1	1	1	0	0	0	0	1	1	1	0	1	1	0	0	1	0	0	0	1	0	0	0	0	0	0	0	0	0	0	0	1	1	1	0	0	0	0	0	0	0	0	1	1	1	0	0	0	0	0	0	0	0	1	0	1	0	0	0	1	0	1	0	0	0
jlSCF_9	4972444	5017559	6	42,51,52,53,55,65	0	0	0	0	0	0	0	0	0	0	0	0	0	0	0	0	0	0	0	0	0	0	0	0	0	0	0	0	0	0	0	0	0	0	0	0	0	0	0	0	0	1	0	0	0	0	0	0	0	0	1	1	1	0	1	0	0	0	0	0	0	0	0	0	1
jlSCF_9	5017559	5037284	9	26,27,28,42,51,52,53,55,65	0	0	0	0	0	0	0	0	0	0	0	0	0	0	0	0	0	0	0	0	0	0	0	0	0	1	1	1	0	0	0	0	0	0	0	0	0	0	0	0	0	1	0	0	0	0	0	0	0	0	1	1	1	0	1	0	0	0	0	0	0	0	0	0	1
jlSCF_9	5037284	5216481	12	26,27,28,42,43,44,45,51,52,53,55,65	0	0	0	0	0	0	0	0	0	0	0	0	0	0	0	0	0	0	0	0	0	0	0	0	0	1	1	1	0	0	0	0	0	0	0	0	0	0	0	0	0	1	1	1	1	0	0	0	0	0	1	1	1	0	1	0	0	0	0	0	0	0	0	0	1
jlSCF_9	5216481	5297914	22	1,2,3,4,5,26,27,28,29,31,42,43,44,45,51,52,53,55,61,62,64,65	1	1	1	1	1	0	0	0	0	0	0	0	0	0	0	0	0	0	0	0	0	0	0	0	0	1	1	1	1	0	1	0	0	0	0	0	0	0	0	0	0	1	1	1	1	0	0	0	0	0	1	1	1	0	1	0	0	0	0	0	1	1	0	1	1
jlSCF_9	5505615	5563039	3	43,44,45	0	0	0	0	0	0	0	0	0	0	0	0	0	0	0	0	0	0	0	0	0	0	0	0	0	0	0	0	0	0	0	0	0	0	0	0	0	0	0	0	0	0	1	1	1	0	0	0	0	0	0	0	0	0	0	0	0	0	0	0	0	0	0	0	0
jlSCF_9	5691172	5748799	64	1,2,3,4,5,6,7,8,9,10,11,12,13,14,15,16,17,18,19,20,21,22,23,24,25,26,27,28,29,30,31,32,33,34,35,36,37,38,39,40,41,42,43,44,45,46,47,48,49,50,51,52,53,54,55,56,57,58,59,60,61,62,64,65	1	1	1	1	1	1	1	1	1	1	1	1	1	1	1	1	1	1	1	1	1	1	1	1	1	1	1	1	1	1	1	1	1	1	1	1	1	1	1	1	1	1	1	1	1	1	1	1	1	1	1	1	1	1	1	1	1	1	1	1	1	1	0	1	1
jlSCF_9	5748799	5862447	60	1,2,3,6,7,8,9,10,11,12,13,14,15,16,17,18,19,20,21,22,23,24,25,26,27,28,30,32,33,34,35,36,37,38,39,40,41,42,43,44,45,46,47,48,49,50,51,52,53,54,55,56,57,58,59,60,61,62,64,65	1	1	1	0	0	1	1	1	1	1	1	1	1	1	1	1	1	1	1	1	1	1	1	1	1	1	1	1	0	1	0	1	1	1	1	1	1	1	1	1	1	1	1	1	1	1	1	1	1	1	1	1	1	1	1	1	1	1	1	1	1	1	0	1	1
jlSCF_9	5862447	5925639	58	1,2,3,6,8,9,10,11,12,13,14,15,16,17,18,19,20,21,22,23,24,25,26,27,28,30,32,33,34,35,36,37,38,39,40,41,43,44,45,46,47,48,49,50,51,52,53,54,55,56,57,58,59,60,61,62,64,65	1	1	1	0	0	1	0	1	1	1	1	1	1	1	1	1	1	1	1	1	1	1	1	1	1	1	1	1	0	1	0	1	1	1	1	1	1	1	1	1	1	0	1	1	1	1	1	1	1	1	1	1	1	1	1	1	1	1	1	1	1	1	0	1	1
jlSCF_9	6600450	6832381	4	8,9,42,60	0	0	0	0	0	0	0	1	1	0	0	0	0	0	0	0	0	0	0	0	0	0	0	0	0	0	0	0	0	0	0	0	0	0	0	0	0	0	0	0	0	1	0	0	0	0	0	0	0	0	0	0	0	0	0	0	0	0	0	1	0	0	0	0	0
jlSCF_9	10543091	10651061	4	26,27,36,42	0	0	0	0	0	0	0	0	0	0	0	0	0	0	0	0	0	0	0	0	0	0	0	0	0	1	1	0	0	0	0	0	0	0	0	1	0	0	0	0	0	1	0	0	0	0	0	0	0	0	0	0	0	0	0	0	0	0	0	0	0	0	0	0	0
jlSCF_9	10651061	10760364	39	1,2,3,4,5,6,11,12,13,14,15,18,20,21,23,24,25,26,27,29,31,32,33,34,35,36,40,41,42,46,47,48,49,50,57,58,59,61,62	1	1	1	1	1	1	0	0	0	0	1	1	1	1	1	0	0	1	0	1	1	0	1	1	1	1	1	0	1	0	1	1	1	1	1	1	0	0	0	1	1	1	0	0	0	1	1	1	1	1	0	0	0	0	0	0	1	1	1	0	1	1	0	0	0
jlSCF_9	11871069	11960648	14	8,9,14,17,19,22,43,44,45,54,56,57,58,59	0	0	0	0	0	0	0	1	1	0	0	0	0	1	0	0	1	0	1	0	0	1	0	0	0	0	0	0	0	0	0	0	0	0	0	0	0	0	0	0	0	0	1	1	1	0	0	0	0	0	0	0	0	1	0	1	1	1	1	0	0	0	0	0	0
jlSCF_9	11960648	12101835	35	1,2,3,8,9,10,12,13,14,17,19,22,23,24,25,29,30,31,32,33,34,43,44,45,48,49,50,54,56,57,58,59,62,63,64	1	1	1	0	0	0	0	1	1	1	0	1	1	1	0	0	1	0	1	0	0	1	1	1	1	0	0	0	1	1	1	1	1	1	0	0	0	0	0	0	0	0	1	1	1	0	0	1	1	1	0	0	0	1	0	1	1	1	1	0	0	1	1	1	0
jlSCF_9	12101835	12110979	25	1,2,3,10,12,13,14,23,24,25,29,30,31,32,33,34,48,49,50,57,58,59,62,63,64	1	1	1	0	0	0	0	0	0	1	0	1	1	1	0	0	0	0	0	0	0	0	1	1	1	0	0	0	1	1	1	1	1	1	0	0	0	0	0	0	0	0	0	0	0	0	0	1	1	1	0	0	0	0	0	0	1	1	1	0	0	1	1	1	0
jlSCF_9	12218477	12242171	1	22	0	0	0	0	0	0	0	0	0	0	0	0	0	0	0	0	0	0	0	0	0	1	0	0	0	0	0	0	0	0	0	0	0	0	0	0	0	0	0	0	0	0	0	0	0	0	0	0	0	0	0	0	0	0	0	0	0	0	0	0	0	0	0	0	0
jlSCF_9	12242171	12317188	21	1,2,3,10,12,13,22,23,24,25,29,30,32,33,34,48,49,50,55,63,64	1	1	1	0	0	0	0	0	0	1	0	1	1	0	0	0	0	0	0	0	0	1	1	1	1	0	0	0	1	1	0	1	1	1	0	0	0	0	0	0	0	0	0	0	0	0	0	1	1	1	0	0	0	0	1	0	0	0	0	0	0	0	1	1	0
jlSCF_9	12317188	12370257	31	1,2,3,4,5,7,10,11,12,13,16,18,20,22,23,24,25,26,27,29,30,32,33,34,48,49,50,55,62,63,64	1	1	1	1	1	0	1	0	0	1	1	1	1	0	0	1	0	1	0	1	0	1	1	1	1	1	1	0	1	1	0	1	1	1	0	0	0	0	0	0	0	0	0	0	0	0	0	1	1	1	0	0	0	0	1	0	0	0	0	0	0	1	1	1	0
jlSCF_9	12370257	12387129	44	1,2,3,4,5,7,8,9,10,11,12,13,14,15,16,18,20,22,23,24,25,26,27,28,29,30,32,33,34,43,44,45,48,49,50,54,55,56,57,58,59,62,63,64	1	1	1	1	1	0	1	1	1	1	1	1	1	1	1	1	0	1	0	1	0	1	1	1	1	1	1	1	1	1	0	1	1	1	0	0	0	0	0	0	0	0	1	1	1	0	0	1	1	1	0	0	0	1	1	1	1	1	1	0	0	1	1	1	0
jlSCF_9	12387129	12479892	43	1,2,3,4,5,7,8,9,10,11,12,13,14,15,16,18,20,22,23,24,25,26,27,28,30,32,33,34,43,44,45,48,49,50,54,55,56,57,58,59,62,63,64	1	1	1	1	1	0	1	1	1	1	1	1	1	1	1	1	0	1	0	1	0	1	1	1	1	1	1	1	0	1	0	1	1	1	0	0	0	0	0	0	0	0	1	1	1	0	0	1	1	1	0	0	0	1	1	1	1	1	1	0	0	1	1	1	0
jlSCF_9	12479892	12628788	29	4,5,7,10,11,12,13,15,16,18,20,22,23,24,25,28,30,32,33,34,48,49,50,54,55,56,62,63,64	0	0	0	1	1	0	1	0	0	1	1	1	1	0	1	1	0	1	0	1	0	1	1	1	1	0	0	1	0	1	0	1	1	1	0	0	0	0	0	0	0	0	0	0	0	0	0	1	1	1	0	0	0	1	1	1	0	0	0	0	0	1	1	1	0
jlSCF_9	12628788	12710368	28	4,5,7,10,11,12,13,15,16,18,20,22,23,24,25,30,32,33,34,48,49,50,54,55,56,62,63,64	0	0	0	1	1	0	1	0	0	1	1	1	1	0	1	1	0	1	0	1	0	1	1	1	1	0	0	0	0	1	0	1	1	1	0	0	0	0	0	0	0	0	0	0	0	0	0	1	1	1	0	0	0	1	1	1	0	0	0	0	0	1	1	1	0
jlSCF_9	12710368	12747123	29	4,5,7,10,11,12,13,15,16,18,20,22,23,24,25,30,31,32,33,34,48,49,50,54,55,56,62,63,64	0	0	0	1	1	0	1	0	0	1	1	1	1	0	1	1	0	1	0	1	0	1	1	1	1	0	0	0	0	1	1	1	1	1	0	0	0	0	0	0	0	0	0	0	0	0	0	1	1	1	0	0	0	1	1	1	0	0	0	0	0	1	1	1	0
jlSCF_9	12747123	12796135	32	4,5,7,10,11,12,13,15,16,18,20,22,23,24,25,29,30,31,32,33,34,46,47,48,49,50,54,55,56,62,63,64	0	0	0	1	1	0	1	0	0	1	1	1	1	0	1	1	0	1	0	1	0	1	1	1	1	0	0	0	1	1	1	1	1	1	0	0	0	0	0	0	0	0	0	0	0	1	1	1	1	1	0	0	0	1	1	1	0	0	0	0	0	1	1	1	0
jlSCF_9	12796135	12803678	33	4,5,6,7,10,11,12,13,15,16,18,20,22,23,24,25,29,30,31,32,33,34,46,47,48,49,50,54,55,56,62,63,64	0	0	0	1	1	1	1	0	0	1	1	1	1	0	1	1	0	1	0	1	0	1	1	1	1	0	0	0	1	1	1	1	1	1	0	0	0	0	0	0	0	0	0	0	0	1	1	1	1	1	0	0	0	1	1	1	0	0	0	0	0	1	1	1	0
jlSCF_9	12803678	12810922	16	4,5,6,7,16,18,20,22,29,31,46,47,54,55,56,62	0	0	0	1	1	1	1	0	0	0	0	0	0	0	0	1	0	1	0	1	0	1	0	0	0	0	0	0	1	0	1	0	0	0	0	0	0	0	0	0	0	0	0	0	0	1	1	0	0	0	0	0	0	1	1	1	0	0	0	0	0	1	0	0	0
jlSCF_9	12810922	12819892	15	4,5,6,7,16,18,20,29,31,46,47,54,55,56,62	0	0	0	1	1	1	1	0	0	0	0	0	0	0	0	1	0	1	0	1	0	0	0	0	0	0	0	0	1	0	1	0	0	0	0	0	0	0	0	0	0	0	0	0	0	1	1	0	0	0	0	0	0	1	1	1	0	0	0	0	0	1	0	0	0
jlSCF_9	12819892	12896787	20	1,2,3,4,5,6,7,16,17,18,19,20,29,31,46,47,54,55,56,62	1	1	1	1	1	1	1	0	0	0	0	0	0	0	0	1	1	1	1	1	0	0	0	0	0	0	0	0	1	0	1	0	0	0	0	0	0	0	0	0	0	0	0	0	0	1	1	0	0	0	0	0	0	1	1	1	0	0	0	0	0	1	0	0	0
jlSCF_9	12896787	13105753	21	1,2,3,4,5,6,7,16,17,18,19,20,29,31,41,46,47,54,55,56,62	1	1	1	1	1	1	1	0	0	0	0	0	0	0	0	1	1	1	1	1	0	0	0	0	0	0	0	0	1	0	1	0	0	0	0	0	0	0	0	0	1	0	0	0	0	1	1	0	0	0	0	0	0	1	1	1	0	0	0	0	0	1	0	0	0
jlSCF_9	13105753	13295201	7	1,2,3,17,19,54,56	1	1	1	0	0	0	0	0	0	0	0	0	0	0	0	0	1	0	1	0	0	0	0	0	0	0	0	0	0	0	0	0	0	0	0	0	0	0	0	0	0	0	0	0	0	0	0	0	0	0	0	0	0	1	0	1	0	0	0	0	0	0	0	0	0
jlSCF_9	13295201	13327346	23	1,2,3,10,11,12,13,15,17,19,23,24,25,30,32,33,34,51,52,53,54,56,60	1	1	1	0	0	0	0	0	0	1	1	1	1	0	1	0	1	0	1	0	0	0	1	1	1	0	0	0	0	1	0	1	1	1	0	0	0	0	0	0	0	0	0	0	0	0	0	0	0	0	1	1	1	1	0	1	0	0	0	1	0	0	0	0	0
jlSCF_9	13327346	15105287	16	10,11,12,13,15,23,24,25,30,32,33,34,51,52,53,60	0	0	0	0	0	0	0	0	0	1	1	1	1	0	1	0	0	0	0	0	0	0	1	1	1	0	0	0	0	1	0	1	1	1	0	0	0	0	0	0	0	0	0	0	0	0	0	0	0	0	1	1	1	0	0	0	0	0	0	1	0	0	0	0	0
jlSCF_9	22041793	22359981	50	1,2,3,4,5,6,7,10,11,12,13,15,16,17,18,19,20,22,23,24,25,26,27,28,29,30,31,32,33,34,36,37,38,41,46,47,48,49,50,51,52,53,54,55,56,60,61,62,63,64	1	1	1	1	1	1	1	0	0	1	1	1	1	0	1	1	1	1	1	1	0	1	1	1	1	1	1	1	1	1	1	1	1	1	0	1	1	1	0	0	1	0	0	0	0	1	1	1	1	1	1	1	1	1	1	1	0	0	0	1	1	1	1	1	0
jlSCF_9	22359981	22724584	49	1,2,3,4,5,6,7,10,11,13,15,16,17,18,19,20,22,23,24,25,26,27,28,29,30,31,32,33,34,36,37,38,41,46,47,48,49,50,51,52,53,54,55,56,60,61,62,63,64	1	1	1	1	1	1	1	0	0	1	1	0	1	0	1	1	1	1	1	1	0	1	1	1	1	1	1	1	1	1	1	1	1	1	0	1	1	1	0	0	1	0	0	0	0	1	1	1	1	1	1	1	1	1	1	1	0	0	0	1	1	1	1	1	0
jlSCF_9	22724584	22820932	51	1,2,3,4,5,6,7,10,11,12,13,15,16,17,18,19,20,22,23,24,25,26,27,28,29,30,31,32,33,34,36,37,38,41,46,47,48,49,50,51,52,53,54,55,56,60,61,62,63,64,65	1	1	1	1	1	1	1	0	0	1	1	1	1	0	1	1	1	1	1	1	0	1	1	1	1	1	1	1	1	1	1	1	1	1	0	1	1	1	0	0	1	0	0	0	0	1	1	1	1	1	1	1	1	1	1	1	0	0	0	1	1	1	1	1	1
jlSCF_9	22820932	23159186	11	1,2,3,12,13,17,19,26,27,54,56	1	1	1	0	0	0	0	0	0	0	0	1	1	0	0	0	1	0	1	0	0	0	0	0	0	1	1	0	0	0	0	0	0	0	0	0	0	0	0	0	0	0	0	0	0	0	0	0	0	0	0	0	0	1	0	1	0	0	0	0	0	0	0	0	0
jlSCF_9	23159186	23360552	4	12,13,26,27	0	0	0	0	0	0	0	0	0	0	0	1	1	0	0	0	0	0	0	0	0	0	0	0	0	1	1	0	0	0	0	0	0	0	0	0	0	0	0	0	0	0	0	0	0	0	0	0	0	0	0	0	0	0	0	0	0	0	0	0	0	0	0	0	0
jlSCF_9	23360552	23598726	11	1,2,3,12,13,17,19,26,27,54,56	1	1	1	0	0	0	0	0	0	0	0	1	1	0	0	0	1	0	1	0	0	0	0	0	0	1	1	0	0	0	0	0	0	0	0	0	0	0	0	0	0	0	0	0	0	0	0	0	0	0	0	0	0	1	0	1	0	0	0	0	0	0	0	0	0
jlSCF_9	23598726	23857274	19	1,2,3,12,13,16,17,19,23,24,25,26,27,36,37,38,54,56,61	1	1	1	0	0	0	0	0	0	0	0	1	1	0	0	1	1	0	1	0	0	0	1	1	1	1	1	0	0	0	0	0	0	0	0	1	1	1	0	0	0	0	0	0	0	0	0	0	0	0	0	0	0	1	0	1	0	0	0	0	1	0	0	0	0
jlSCF_9	23857274	23923732	29	1,2,3,12,13,16,17,19,21,23,24,25,26,27,35,36,37,38,39,40,42,46,47,54,56,57,58,59,61	1	1	1	0	0	0	0	0	0	0	0	1	1	0	0	1	1	0	1	0	1	0	1	1	1	1	1	0	0	0	0	0	0	0	1	1	1	1	1	1	0	1	0	0	0	1	1	0	0	0	0	0	0	1	0	1	1	1	1	0	1	0	0	0	0
jlSCF_9	23923732	23962547	30	1,2,3,12,13,16,17,19,21,23,24,25,26,27,28,35,36,37,38,39,40,42,46,47,54,56,57,58,59,61	1	1	1	0	0	0	0	0	0	0	0	1	1	0	0	1	1	0	1	0	1	0	1	1	1	1	1	1	0	0	0	0	0	0	1	1	1	1	1	1	0	1	0	0	0	1	1	0	0	0	0	0	0	1	0	1	1	1	1	0	1	0	0	0	0
jlSCF_9	23962547	24014202	32	1,2,3,12,13,16,17,19,21,23,24,25,26,27,28,35,36,37,38,39,40,42,46,47,54,56,57,58,59,61,64,65	1	1	1	0	0	0	0	0	0	0	0	1	1	0	0	1	1	0	1	0	1	0	1	1	1	1	1	1	0	0	0	0	0	0	1	1	1	1	1	1	0	1	0	0	0	1	1	0	0	0	0	0	0	1	0	1	1	1	1	0	1	0	0	1	1
jlSCF_9	24014202	24230344	50	1,2,3,4,5,7,8,9,12,13,14,16,17,18,19,21,22,23,24,25,26,27,28,35,36,37,38,39,40,41,42,43,44,45,46,47,48,49,50,54,55,56,57,58,59,61,62,63,64,65	1	1	1	1	1	0	1	1	1	0	0	1	1	1	0	1	1	1	1	0	1	1	1	1	1	1	1	1	0	0	0	0	0	0	1	1	1	1	1	1	1	1	1	1	1	1	1	1	1	1	0	0	0	1	1	1	1	1	1	0	1	1	1	1	1
jlSCF_9	24230344	24301969	65	1,2,3,4,5,6,7,8,9,10,11,12,13,14,15,16,17,18,19,20,21,22,23,24,25,26,27,28,29,30,31,32,33,34,35,36,37,38,39,40,41,42,43,44,45,46,47,48,49,50,51,52,53,54,55,56,57,58,59,60,61,62,63,64,65	1	1	1	1	1	1	1	1	1	1	1	1	1	1	1	1	1	1	1	1	1	1	1	1	1	1	1	1	1	1	1	1	1	1	1	1	1	1	1	1	1	1	1	1	1	1	1	1	1	1	1	1	1	1	1	1	1	1	1	1	1	1	1	1	1
jlSCF_9	24301969	24328479	60	1,2,3,4,5,6,7,8,9,10,11,14,15,17,18,19,20,21,23,24,25,26,27,29,30,31,32,33,34,35,36,37,38,39,40,41,42,43,44,45,46,47,48,49,50,51,52,53,54,55,56,57,58,59,60,61,62,63,64,65	1	1	1	1	1	1	1	1	1	1	1	0	0	1	1	0	1	1	1	1	1	0	1	1	1	1	1	0	1	1	1	1	1	1	1	1	1	1	1	1	1	1	1	1	1	1	1	1	1	1	1	1	1	1	1	1	1	1	1	1	1	1	1	1	1
jlSCF_9	24328479	24338519	29	6,10,11,15,20,21,26,27,29,30,31,32,33,34,35,39,40,42,46,47,48,49,50,51,52,53,54,56,60	0	0	0	0	0	1	0	0	0	1	1	0	0	0	1	0	0	0	0	1	1	0	0	0	0	1	1	0	1	1	1	1	1	1	1	0	0	0	1	1	0	1	0	0	0	1	1	1	1	1	1	1	1	1	0	1	0	0	0	1	0	0	0	0	0
jlSCF_9	24338519	24548747	3	48,49,50	0	0	0	0	0	0	0	0	0	0	0	0	0	0	0	0	0	0	0	0	0	0	0	0	0	0	0	0	0	0	0	0	0	0	0	0	0	0	0	0	0	0	0	0	0	0	0	1	1	1	0	0	0	0	0	0	0	0	0	0	0	0	0	0	0
jlSCF_9	24678341	24699900	12	8,9,21,26,27,39,40,42,46,57,58,59	0	0	0	0	0	0	0	1	1	0	0	0	0	0	0	0	0	0	0	0	1	0	0	0	0	1	1	0	0	0	0	0	0	0	0	0	0	0	1	1	0	1	0	0	0	1	0	0	0	0	0	0	0	0	0	0	1	1	1	0	0	0	0	0	0
jlSCF_9	24699900	24719682	11	8,9,21,26,27,40,42,46,57,58,59	0	0	0	0	0	0	0	1	1	0	0	0	0	0	0	0	0	0	0	0	1	0	0	0	0	1	1	0	0	0	0	0	0	0	0	0	0	0	0	1	0	1	0	0	0	1	0	0	0	0	0	0	0	0	0	0	1	1	1	0	0	0	0	0	0
jlSCF_9	24719682	24901526	3	57,58,59	0	0	0	0	0	0	0	0	0	0	0	0	0	0	0	0	0	0	0	0	0	0	0	0	0	0	0	0	0	0	0	0	0	0	0	0	0	0	0	0	0	0	0	0	0	0	0	0	0	0	0	0	0	0	0	0	1	1	1	0	0	0	0	0	0
jlSCF_9	24901526	25044052	4	7,57,58,59	0	0	0	0	0	0	1	0	0	0	0	0	0	0	0	0	0	0	0	0	0	0	0	0	0	0	0	0	0	0	0	0	0	0	0	0	0	0	0	0	0	0	0	0	0	0	0	0	0	0	0	0	0	0	0	0	1	1	1	0	0	0	0	0	0
jlSCF_9	25044052	25065024	3	57,58,59	0	0	0	0	0	0	0	0	0	0	0	0	0	0	0	0	0	0	0	0	0	0	0	0	0	0	0	0	0	0	0	0	0	0	0	0	0	0	0	0	0	0	0	0	0	0	0	0	0	0	0	0	0	0	0	0	1	1	1	0	0	0	0	0	0
jlSCF_9	26212843	26224862	3	32,33,34	0	0	0	0	0	0	0	0	0	0	0	0	0	0	0	0	0	0	0	0	0	0	0	0	0	0	0	0	0	0	0	1	1	1	0	0	0	0	0	0	0	0	0	0	0	0	0	0	0	0	0	0	0	0	0	0	0	0	0	0	0	0	0	0	0
jlSCF_9	26224862	26443240	8	32,33,34,42,57,58,59,61	0	0	0	0	0	0	0	0	0	0	0	0	0	0	0	0	0	0	0	0	0	0	0	0	0	0	0	0	0	0	0	1	1	1	0	0	0	0	0	0	0	1	0	0	0	0	0	0	0	0	0	0	0	0	0	0	1	1	1	0	1	0	0	0	0
jlSCF_9	26443240	26546775	11	32,33,34,42,48,49,50,57,58,59,61	0	0	0	0	0	0	0	0	0	0	0	0	0	0	0	0	0	0	0	0	0	0	0	0	0	0	0	0	0	0	0	1	1	1	0	0	0	0	0	0	0	1	0	0	0	0	0	1	1	1	0	0	0	0	0	0	1	1	1	0	1	0	0	0	0
jlSCF_9	26546775	26553538	14	32,33,34,42,43,44,45,48,49,50,57,58,59,61	0	0	0	0	0	0	0	0	0	0	0	0	0	0	0	0	0	0	0	0	0	0	0	0	0	0	0	0	0	0	0	1	1	1	0	0	0	0	0	0	0	1	1	1	1	0	0	1	1	1	0	0	0	0	0	0	1	1	1	0	1	0	0	0	0
jlSCF_9	26553538	26643222	11	32,33,34,42,43,44,45,48,49,50,61	0	0	0	0	0	0	0	0	0	0	0	0	0	0	0	0	0	0	0	0	0	0	0	0	0	0	0	0	0	0	0	1	1	1	0	0	0	0	0	0	0	1	1	1	1	0	0	1	1	1	0	0	0	0	0	0	0	0	0	0	1	0	0	0	0
jlSCF_9	26643222	26951501	8	42,43,44,45,48,49,50,61	0	0	0	0	0	0	0	0	0	0	0	0	0	0	0	0	0	0	0	0	0	0	0	0	0	0	0	0	0	0	0	0	0	0	0	0	0	0	0	0	0	1	1	1	1	0	0	1	1	1	0	0	0	0	0	0	0	0	0	0	1	0	0	0	0
jlSCF_9	26951501	27063751	3	43,44,45	0	0	0	0	0	0	0	0	0	0	0	0	0	0	0	0	0	0	0	0	0	0	0	0	0	0	0	0	0	0	0	0	0	0	0	0	0	0	0	0	0	0	1	1	1	0	0	0	0	0	0	0	0	0	0	0	0	0	0	0	0	0	0	0	0
jlSCF_10	348846	405757	59	1,2,3,4,5,6,7,8,9,10,11,12,13,14,15,16,17,18,19,20,21,22,23,24,25,26,27,28,29,30,31,35,36,37,38,39,40,41,42,43,44,45,46,47,48,49,50,51,52,53,54,55,56,57,58,59,60,61,62	1	1	1	1	1	1	1	1	1	1	1	1	1	1	1	1	1	1	1	1	1	1	1	1	1	1	1	1	1	1	1	0	0	0	1	1	1	1	1	1	1	1	1	1	1	1	1	1	1	1	1	1	1	1	1	1	1	1	1	1	1	1	0	0	0
jlSCF_10	405757	530683	62	1,2,3,4,5,6,7,8,9,10,11,12,13,14,15,16,17,18,19,20,21,22,23,24,25,26,27,28,29,30,31,35,36,37,38,39,40,41,42,43,44,45,46,47,48,49,50,51,52,53,54,55,56,57,58,59,60,61,62,63,64,65	1	1	1	1	1	1	1	1	1	1	1	1	1	1	1	1	1	1	1	1	1	1	1	1	1	1	1	1	1	1	1	0	0	0	1	1	1	1	1	1	1	1	1	1	1	1	1	1	1	1	1	1	1	1	1	1	1	1	1	1	1	1	1	1	1
jlSCF_10	530683	715363	65	1,2,3,4,5,6,7,8,9,10,11,12,13,14,15,16,17,18,19,20,21,22,23,24,25,26,27,28,29,30,31,32,33,34,35,36,37,38,39,40,41,42,43,44,45,46,47,48,49,50,51,52,53,54,55,56,57,58,59,60,61,62,63,64,65	1	1	1	1	1	1	1	1	1	1	1	1	1	1	1	1	1	1	1	1	1	1	1	1	1	1	1	1	1	1	1	1	1	1	1	1	1	1	1	1	1	1	1	1	1	1	1	1	1	1	1	1	1	1	1	1	1	1	1	1	1	1	1	1	1
jlSCF_10	715363	736889	27	1,2,5,14,15,16,20,29,31,32,33,34,41,42,43,44,45,48,49,50,55,60,61,62,63,64,65	1	1	0	0	1	0	0	0	0	0	0	0	0	1	1	1	0	0	0	1	0	0	0	0	0	0	0	0	1	0	1	1	1	1	0	0	0	0	0	0	1	1	1	1	1	0	0	1	1	1	0	0	0	0	1	0	0	0	0	1	1	1	1	1	1
jlSCF_10	736889	781861	23	1,2,5,14,15,16,20,29,31,41,42,43,44,45,48,49,50,55,61,62,63,64,65	1	1	0	0	1	0	0	0	0	0	0	0	0	1	1	1	0	0	0	1	0	0	0	0	0	0	0	0	1	0	1	0	0	0	0	0	0	0	0	0	1	1	1	1	1	0	0	1	1	1	0	0	0	0	1	0	0	0	0	0	1	1	1	1	1
jlSCF_10	781861	997547	20	1,2,5,14,15,16,20,29,31,41,42,43,44,45,55,61,62,63,64,65	1	1	0	0	1	0	0	0	0	0	0	0	0	1	1	1	0	0	0	1	0	0	0	0	0	0	0	0	1	0	1	0	0	0	0	0	0	0	0	0	1	1	1	1	1	0	0	0	0	0	0	0	0	0	1	0	0	0	0	0	1	1	1	1	1
jlSCF_10	997547	1052143	12	1,2,5,15,16,29,31,41,42,55,63,64	1	1	0	0	1	0	0	0	0	0	0	0	0	0	1	1	0	0	0	0	0	0	0	0	0	0	0	0	1	0	1	0	0	0	0	0	0	0	0	0	1	1	0	0	0	0	0	0	0	0	0	0	0	0	1	0	0	0	0	0	0	0	1	1	0
jlSCF_10	1052143	1119743	14	1,2,5,15,16,29,31,41,42,46,47,55,63,64	1	1	0	0	1	0	0	0	0	0	0	0	0	0	1	1	0	0	0	0	0	0	0	0	0	0	0	0	1	0	1	0	0	0	0	0	0	0	0	0	1	1	0	0	0	1	1	0	0	0	0	0	0	0	1	0	0	0	0	0	0	0	1	1	0
jlSCF_10	1119743	1238805	17	1,2,5,15,16,17,18,19,29,31,41,42,46,47,55,63,64	1	1	0	0	1	0	0	0	0	0	0	0	0	0	1	1	1	1	1	0	0	0	0	0	0	0	0	0	1	0	1	0	0	0	0	0	0	0	0	0	1	1	0	0	0	1	1	0	0	0	0	0	0	0	1	0	0	0	0	0	0	0	1	1	0
jlSCF_10	1238805	1247396	20	1,2,3,5,15,16,17,18,19,21,29,31,41,42,46,47,55,63,64,65	1	1	1	0	1	0	0	0	0	0	0	0	0	0	1	1	1	1	1	0	1	0	0	0	0	0	0	0	1	0	1	0	0	0	0	0	0	0	0	0	1	1	0	0	0	1	1	0	0	0	0	0	0	0	1	0	0	0	0	0	0	0	1	1	1
jlSCF_10	1247396	1264401	21	1,2,3,4,5,15,16,17,18,19,21,29,31,41,42,46,47,55,63,64,65	1	1	1	1	1	0	0	0	0	0	0	0	0	0	1	1	1	1	1	0	1	0	0	0	0	0	0	0	1	0	1	0	0	0	0	0	0	0	0	0	1	1	0	0	0	1	1	0	0	0	0	0	0	0	1	0	0	0	0	0	0	0	1	1	1
jlSCF_10	1264401	1284823	20	1,2,3,4,15,16,17,18,19,21,29,31,41,42,46,47,55,63,64,65	1	1	1	1	0	0	0	0	0	0	0	0	0	0	1	1	1	1	1	0	1	0	0	0	0	0	0	0	1	0	1	0	0	0	0	0	0	0	0	0	1	1	0	0	0	1	1	0	0	0	0	0	0	0	1	0	0	0	0	0	0	0	1	1	1
jlSCF_10	1284823	1441425	18	1,2,4,15,16,17,18,19,21,29,31,41,42,46,47,55,63,64	1	1	0	1	0	0	0	0	0	0	0	0	0	0	1	1	1	1	1	0	1	0	0	0	0	0	0	0	1	0	1	0	0	0	0	0	0	0	0	0	1	1	0	0	0	1	1	0	0	0	0	0	0	0	1	0	0	0	0	0	0	0	1	1	0
jlSCF_10	1441425	1535042	35	1,2,4,7,8,9,10,11,15,16,17,18,19,21,23,24,25,26,27,28,29,31,35,39,40,41,42,46,47,54,55,56,62,63,64	1	1	0	1	0	0	1	1	1	1	1	0	0	0	1	1	1	1	1	0	1	0	1	1	1	1	1	1	1	0	1	0	0	0	1	0	0	0	1	1	1	1	0	0	0	1	1	0	0	0	0	0	0	1	1	1	0	0	0	0	0	1	1	1	0
jlSCF_10	1535042	1587877	36	1,2,3,4,7,8,9,10,11,15,16,17,18,19,21,23,24,25,26,27,28,29,31,35,39,40,41,42,46,47,54,55,56,62,63,64	1	1	1	1	0	0	1	1	1	1	1	0	0	0	1	1	1	1	1	0	1	0	1	1	1	1	1	1	1	0	1	0	0	0	1	0	0	0	1	1	1	1	0	0	0	1	1	0	0	0	0	0	0	1	1	1	0	0	0	0	0	1	1	1	0
jlSCF_10	1587877	1646884	62	1,2,3,4,5,6,7,8,9,10,11,12,13,14,15,16,17,18,19,20,21,23,24,25,26,27,28,29,31,32,33,34,35,36,37,38,39,40,41,42,43,44,45,46,47,48,49,50,51,52,53,54,55,56,57,58,59,60,61,62,63,64	1	1	1	1	1	1	1	1	1	1	1	1	1	1	1	1	1	1	1	1	1	0	1	1	1	1	1	1	1	0	1	1	1	1	1	1	1	1	1	1	1	1	1	1	1	1	1	1	1	1	1	1	1	1	1	1	1	1	1	1	1	1	1	1	0
jlSCF_10	1646884	1717243	64	1,2,3,4,5,6,7,8,9,10,11,12,13,14,15,16,17,18,19,20,21,22,23,24,25,26,27,28,29,31,32,33,34,35,36,37,38,39,40,41,42,43,44,45,46,47,48,49,50,51,52,53,54,55,56,57,58,59,60,61,62,63,64,65	1	1	1	1	1	1	1	1	1	1	1	1	1	1	1	1	1	1	1	1	1	1	1	1	1	1	1	1	1	0	1	1	1	1	1	1	1	1	1	1	1	1	1	1	1	1	1	1	1	1	1	1	1	1	1	1	1	1	1	1	1	1	1	1	1
jlSCF_10	1717243	1806993	50	1,2,3,4,5,6,7,8,9,10,11,14,15,16,17,18,19,20,21,22,23,24,25,26,27,28,29,31,35,39,40,41,42,43,44,45,46,47,54,55,56,57,58,59,60,61,62,63,64,65	1	1	1	1	1	1	1	1	1	1	1	0	0	1	1	1	1	1	1	1	1	1	1	1	1	1	1	1	1	0	1	0	0	0	1	0	0	0	1	1	1	1	1	1	1	1	1	0	0	0	0	0	0	1	1	1	1	1	1	1	1	1	1	1	1
jlSCF_10	1806993	1847648	46	1,2,3,4,5,6,8,9,10,14,15,16,17,18,19,20,21,22,23,24,25,26,27,28,29,31,35,39,41,42,43,44,45,46,54,55,56,57,58,59,60,61,62,63,64,65	1	1	1	1	1	1	0	1	1	1	0	0	0	1	1	1	1	1	1	1	1	1	1	1	1	1	1	1	1	0	1	0	0	0	1	0	0	0	1	0	1	1	1	1	1	1	0	0	0	0	0	0	0	1	1	1	1	1	1	1	1	1	1	1	1
jlSCF_10	1847648	2137452	10	5,6,14,43,44,45,61,63,64,65	0	0	0	0	1	1	0	0	0	0	0	0	0	1	0	0	0	0	0	0	0	0	0	0	0	0	0	0	0	0	0	0	0	0	0	0	0	0	0	0	0	0	1	1	1	0	0	0	0	0	0	0	0	0	0	0	0	0	0	0	1	0	1	1	1
jlSCF_10	2137452	2193677	7	5,6,14,43,44,45,61	0	0	0	0	1	1	0	0	0	0	0	0	0	1	0	0	0	0	0	0	0	0	0	0	0	0	0	0	0	0	0	0	0	0	0	0	0	0	0	0	0	0	1	1	1	0	0	0	0	0	0	0	0	0	0	0	0	0	0	0	1	0	0	0	0
jlSCF_10	2193677	2276981	9	5,6,14,43,44,45,61,63,64	0	0	0	0	1	1	0	0	0	0	0	0	0	1	0	0	0	0	0	0	0	0	0	0	0	0	0	0	0	0	0	0	0	0	0	0	0	0	0	0	0	0	1	1	1	0	0	0	0	0	0	0	0	0	0	0	0	0	0	0	1	0	1	1	0
jlSCF_10	2276981	2477470	2	63,64	0	0	0	0	0	0	0	0	0	0	0	0	0	0	0	0	0	0	0	0	0	0	0	0	0	0	0	0	0	0	0	0	0	0	0	0	0	0	0	0	0	0	0	0	0	0	0	0	0	0	0	0	0	0	0	0	0	0	0	0	0	0	1	1	0
jlSCF_10	2477470	2613059	5	36,37,38,63,64	0	0	0	0	0	0	0	0	0	0	0	0	0	0	0	0	0	0	0	0	0	0	0	0	0	0	0	0	0	0	0	0	0	0	0	1	1	1	0	0	0	0	0	0	0	0	0	0	0	0	0	0	0	0	0	0	0	0	0	0	0	0	1	1	0
jlSCF_10	2613059	2920536	3	36,37,38	0	0	0	0	0	0	0	0	0	0	0	0	0	0	0	0	0	0	0	0	0	0	0	0	0	0	0	0	0	0	0	0	0	0	0	1	1	1	0	0	0	0	0	0	0	0	0	0	0	0	0	0	0	0	0	0	0	0	0	0	0	0	0	0	0
jlSCF_10	2920536	3066314	4	30,36,37,38	0	0	0	0	0	0	0	0	0	0	0	0	0	0	0	0	0	0	0	0	0	0	0	0	0	0	0	0	0	1	0	0	0	0	0	1	1	1	0	0	0	0	0	0	0	0	0	0	0	0	0	0	0	0	0	0	0	0	0	0	0	0	0	0	0
jlSCF_10	3066314	3066315	1	30	0	0	0	0	0	0	0	0	0	0	0	0	0	0	0	0	0	0	0	0	0	0	0	0	0	0	0	0	0	1	0	0	0	0	0	0	0	0	0	0	0	0	0	0	0	0	0	0	0	0	0	0	0	0	0	0	0	0	0	0	0	0	0	0	0
jlSCF_10	3066315	3113600	14	4,12,13,30,32,33,34,43,44,45,48,49,50,60	0	0	0	1	0	0	0	0	0	0	0	1	1	0	0	0	0	0	0	0	0	0	0	0	0	0	0	0	0	1	0	1	1	1	0	0	0	0	0	0	0	0	1	1	1	0	0	1	1	1	0	0	0	0	0	0	0	0	0	1	0	0	0	0	0
jlSCF_10	3113600	3190933	17	4,12,13,30,32,33,34,43,44,45,48,49,50,57,58,59,60	0	0	0	1	0	0	0	0	0	0	0	1	1	0	0	0	0	0	0	0	0	0	0	0	0	0	0	0	0	1	0	1	1	1	0	0	0	0	0	0	0	0	1	1	1	0	0	1	1	1	0	0	0	0	0	0	1	1	1	1	0	0	0	0	0
jlSCF_10	3190933	3283343	14	4,12,13,30,32,33,34,43,44,45,48,49,50,60	0	0	0	1	0	0	0	0	0	0	0	1	1	0	0	0	0	0	0	0	0	0	0	0	0	0	0	0	0	1	0	1	1	1	0	0	0	0	0	0	0	0	1	1	1	0	0	1	1	1	0	0	0	0	0	0	0	0	0	1	0	0	0	0	0
jlSCF_10	3283343	3322105	4	30,43,44,45	0	0	0	0	0	0	0	0	0	0	0	0	0	0	0	0	0	0	0	0	0	0	0	0	0	0	0	0	0	1	0	0	0	0	0	0	0	0	0	0	0	0	1	1	1	0	0	0	0	0	0	0	0	0	0	0	0	0	0	0	0	0	0	0	0
jlSCF_10	3534961	3557428	3	17,18,19	0	0	0	0	0	0	0	0	0	0	0	0	0	0	0	0	1	1	1	0	0	0	0	0	0	0	0	0	0	0	0	0	0	0	0	0	0	0	0	0	0	0	0	0	0	0	0	0	0	0	0	0	0	0	0	0	0	0	0	0	0	0	0	0	0
jlSCF_10	3557428	3606032	7	17,18,19,51,53,54,56	0	0	0	0	0	0	0	0	0	0	0	0	0	0	0	0	1	1	1	0	0	0	0	0	0	0	0	0	0	0	0	0	0	0	0	0	0	0	0	0	0	0	0	0	0	0	0	0	0	0	1	0	1	1	0	1	0	0	0	0	0	0	0	0	0
jlSCF_10	3606032	3837201	4	51,53,54,56	0	0	0	0	0	0	0	0	0	0	0	0	0	0	0	0	0	0	0	0	0	0	0	0	0	0	0	0	0	0	0	0	0	0	0	0	0	0	0	0	0	0	0	0	0	0	0	0	0	0	1	0	1	1	0	1	0	0	0	0	0	0	0	0	0
jlSCF_10	7981591	8048524	3	21,26,27	0	0	0	0	0	0	0	0	0	0	0	0	0	0	0	0	0	0	0	0	1	0	0	0	0	1	1	0	0	0	0	0	0	0	0	0	0	0	0	0	0	0	0	0	0	0	0	0	0	0	0	0	0	0	0	0	0	0	0	0	0	0	0	0	0
jlSCF_10	8048524	9836975	64	1,2,3,4,5,6,7,8,9,10,11,12,13,14,15,16,17,18,19,20,21,22,23,24,25,26,27,29,30,31,32,33,34,35,36,37,38,39,40,41,42,43,44,45,46,47,48,49,50,51,52,53,54,55,56,57,58,59,60,61,62,63,64,65	1	1	1	1	1	1	1	1	1	1	1	1	1	1	1	1	1	1	1	1	1	1	1	1	1	1	1	0	1	1	1	1	1	1	1	1	1	1	1	1	1	1	1	1	1	1	1	1	1	1	1	1	1	1	1	1	1	1	1	1	1	1	1	1	1
jlSCF_11	2636449	2737353	3	1,2,3	1	1	1	0	0	0	0	0	0	0	0	0	0	0	0	0	0	0	0	0	0	0	0	0	0	0	0	0	0	0	0	0	0	0	0	0	0	0	0	0	0	0	0	0	0	0	0	0	0	0	0	0	0	0	0	0	0	0	0	0	0	0	0	0	0
jlSCF_11	2737353	2825034	15	1,2,3,14,20,23,24,25,31,41,42,43,44,45,64	1	1	1	0	0	0	0	0	0	0	0	0	0	1	0	0	0	0	0	1	0	0	1	1	1	0	0	0	0	0	1	0	0	0	0	0	0	0	0	0	1	1	1	1	1	0	0	0	0	0	0	0	0	0	0	0	0	0	0	0	0	0	0	1	0
jlSCF_11	2825034	2845882	12	14,20,23,24,25,31,41,42,43,44,45,64	0	0	0	0	0	0	0	0	0	0	0	0	0	1	0	0	0	0	0	1	0	0	1	1	1	0	0	0	0	0	1	0	0	0	0	0	0	0	0	0	1	1	1	1	1	0	0	0	0	0	0	0	0	0	0	0	0	0	0	0	0	0	0	1	0
jlSCF_11	2952556	3181463	3	1,2,3	1	1	1	0	0	0	0	0	0	0	0	0	0	0	0	0	0	0	0	0	0	0	0	0	0	0	0	0	0	0	0	0	0	0	0	0	0	0	0	0	0	0	0	0	0	0	0	0	0	0	0	0	0	0	0	0	0	0	0	0	0	0	0	0	0
jlSCF_11	3181463	3191104	12	1,2,3,17,18,19,48,49,50,54,55,56	1	1	1	0	0	0	0	0	0	0	0	0	0	0	0	0	1	1	1	0	0	0	0	0	0	0	0	0	0	0	0	0	0	0	0	0	0	0	0	0	0	0	0	0	0	0	0	1	1	1	0	0	0	1	1	1	0	0	0	0	0	0	0	0	0
jlSCF_11	3191104	3206231	14	1,2,3,17,18,19,41,42,48,49,50,54,55,56	1	1	1	0	0	0	0	0	0	0	0	0	0	0	0	0	1	1	1	0	0	0	0	0	0	0	0	0	0	0	0	0	0	0	0	0	0	0	0	0	1	1	0	0	0	0	0	1	1	1	0	0	0	1	1	1	0	0	0	0	0	0	0	0	0
jlSCF_11	3206231	3298717	17	1,2,3,17,18,19,32,33,34,41,42,48,49,50,54,55,56	1	1	1	0	0	0	0	0	0	0	0	0	0	0	0	0	1	1	1	0	0	0	0	0	0	0	0	0	0	0	0	1	1	1	0	0	0	0	0	0	1	1	0	0	0	0	0	1	1	1	0	0	0	1	1	1	0	0	0	0	0	0	0	0	0
jlSCF_11	3298717	3438021	39	1,2,3,5,7,11,12,13,14,17,18,19,29,31,32,33,34,35,36,37,38,39,40,41,42,46,47,48,49,50,54,55,56,57,58,59,60,63,64	1	1	1	0	1	0	1	0	0	0	1	1	1	1	0	0	1	1	1	0	0	0	0	0	0	0	0	0	1	0	1	1	1	1	1	1	1	1	1	1	1	1	0	0	0	1	1	1	1	1	0	0	0	1	1	1	1	1	1	1	0	0	1	1	0
jlSCF_11	3438021	3467570	51	1,2,3,4,5,7,8,9,10,11,12,13,14,15,16,17,18,19,20,21,22,26,27,28,29,31,32,33,34,35,36,37,38,39,40,41,42,46,47,48,49,50,54,55,56,57,58,59,60,63,64	1	1	1	1	1	0	1	1	1	1	1	1	1	1	1	1	1	1	1	1	1	1	0	0	0	1	1	1	1	0	1	1	1	1	1	1	1	1	1	1	1	1	0	0	0	1	1	1	1	1	0	0	0	1	1	1	1	1	1	1	0	0	1	1	0
jlSCF_11	3467570	3490003	17	1,2,3,4,8,9,10,14,20,21,22,29,31,42,60,63,64	1	1	1	1	0	0	0	1	1	1	0	0	0	1	0	0	0	0	0	1	1	1	0	0	0	0	0	0	1	0	1	0	0	0	0	0	0	0	0	0	0	1	0	0	0	0	0	0	0	0	0	0	0	0	0	0	0	0	0	1	0	0	1	1	0
jlSCF_11	3490003	3546753	14	1,2,3,4,8,9,10,14,20,21,22,31,42,64	1	1	1	1	0	0	0	1	1	1	0	0	0	1	0	0	0	0	0	1	1	1	0	0	0	0	0	0	0	0	1	0	0	0	0	0	0	0	0	0	0	1	0	0	0	0	0	0	0	0	0	0	0	0	0	0	0	0	0	0	0	0	0	1	0
jlSCF_11	3546753	3561848	13	1,2,3,4,8,9,10,14,20,21,22,31,64	1	1	1	1	0	0	0	1	1	1	0	0	0	1	0	0	0	0	0	1	1	1	0	0	0	0	0	0	0	0	1	0	0	0	0	0	0	0	0	0	0	0	0	0	0	0	0	0	0	0	0	0	0	0	0	0	0	0	0	0	0	0	0	1	0
jlSCF_11	3561848	3581200	16	1,2,3,4,8,9,10,14,20,21,22,31,57,58,59,64	1	1	1	1	0	0	0	1	1	1	0	0	0	1	0	0	0	0	0	1	1	1	0	0	0	0	0	0	0	0	1	0	0	0	0	0	0	0	0	0	0	0	0	0	0	0	0	0	0	0	0	0	0	0	0	0	1	1	1	0	0	0	0	1	0
jlSCF_11	3581200	3647370	14	1,2,3,4,8,9,10,14,20,21,22,57,58,59	1	1	1	1	0	0	0	1	1	1	0	0	0	1	0	0	0	0	0	1	1	1	0	0	0	0	0	0	0	0	0	0	0	0	0	0	0	0	0	0	0	0	0	0	0	0	0	0	0	0	0	0	0	0	0	0	1	1	1	0	0	0	0	0	0
jlSCF_11	3647370	3701419	11	1,2,3,4,8,9,10,14,20,21,22	1	1	1	1	0	0	0	1	1	1	0	0	0	1	0	0	0	0	0	1	1	1	0	0	0	0	0	0	0	0	0	0	0	0	0	0	0	0	0	0	0	0	0	0	0	0	0	0	0	0	0	0	0	0	0	0	0	0	0	0	0	0	0	0	0
jlSCF_11	3701419	3735380	1	14	0	0	0	0	0	0	0	0	0	0	0	0	0	1	0	0	0	0	0	0	0	0	0	0	0	0	0	0	0	0	0	0	0	0	0	0	0	0	0	0	0	0	0	0	0	0	0	0	0	0	0	0	0	0	0	0	0	0	0	0	0	0	0	0	0
jlSCF_11	5991956	6353665	3	54,55,56	0	0	0	0	0	0	0	0	0	0	0	0	0	0	0	0	0	0	0	0	0	0	0	0	0	0	0	0	0	0	0	0	0	0	0	0	0	0	0	0	0	0	0	0	0	0	0	0	0	0	0	0	0	1	1	1	0	0	0	0	0	0	0	0	0
jlSCF_11	6419550	6717301	43	1,2,3,5,6,7,8,9,11,12,13,20,23,24,25,26,27,28,29,30,31,32,33,34,35,36,37,38,39,40,41,43,44,45,46,47,51,52,53,57,58,59,62	1	1	1	0	1	1	1	1	1	0	1	1	1	0	0	0	0	0	0	1	0	0	1	1	1	1	1	1	1	1	1	1	1	1	1	1	1	1	1	1	1	0	1	1	1	1	1	0	0	0	1	1	1	0	0	0	1	1	1	0	0	1	0	0	0
jlSCF_11	8457896	8495144	9	15,16,29,31,32,33,34,49,50	0	0	0	0	0	0	0	0	0	0	0	0	0	0	1	1	0	0	0	0	0	0	0	0	0	0	0	0	1	0	1	1	1	1	0	0	0	0	0	0	0	0	0	0	0	0	0	0	1	1	0	0	0	0	0	0	0	0	0	0	0	0	0	0	0
jlSCF_11	9205255	9221700	2	29,31	0	0	0	0	0	0	0	0	0	0	0	0	0	0	0	0	0	0	0	0	0	0	0	0	0	0	0	0	1	0	1	0	0	0	0	0	0	0	0	0	0	0	0	0	0	0	0	0	0	0	0	0	0	0	0	0	0	0	0	0	0	0	0	0	0
jlSCF_11	9221700	9338988	21	6,8,9,29,31,41,42,46,47,51,52,53,54,55,56,57,58,59,60,61,62	0	0	0	0	0	1	0	1	1	0	0	0	0	0	0	0	0	0	0	0	0	0	0	0	0	0	0	0	1	0	1	0	0	0	0	0	0	0	0	0	1	1	0	0	0	1	1	0	0	0	1	1	1	1	1	1	1	1	1	1	1	1	0	0	0
jlSCF_11	16114486	16358045	21	1,2,3,7,11,17,18,19,20,26,27,28,42,48,49,50,57,58,59,60,61	1	1	1	0	0	0	1	0	0	0	1	0	0	0	0	0	1	1	1	1	0	0	0	0	0	1	1	1	0	0	0	0	0	0	0	0	0	0	0	0	0	1	0	0	0	0	0	1	1	1	0	0	0	0	0	0	1	1	1	1	1	0	0	0	0
jlSCF_11	16358045	16759820	20	1,2,3,11,17,18,19,20,26,27,28,42,48,49,50,57,58,59,60,61	1	1	1	0	0	0	0	0	0	0	1	0	0	0	0	0	1	1	1	1	0	0	0	0	0	1	1	1	0	0	0	0	0	0	0	0	0	0	0	0	0	1	0	0	0	0	0	1	1	1	0	0	0	0	0	0	1	1	1	1	1	0	0	0	0
jlSCF_11	17736261	17933586	18	5,6,8,9,15,16,17,19,20,21,26,27,28,57,58,59,60,61	0	0	0	0	1	1	0	1	1	0	0	0	0	0	1	1	1	0	1	1	1	0	0	0	0	1	1	1	0	0	0	0	0	0	0	0	0	0	0	0	0	0	0	0	0	0	0	0	0	0	0	0	0	0	0	0	1	1	1	1	1	0	0	0	0
jlSCF_11	18138030	18155163	13	5,8,9,15,16,17,19,57,58,59,60,61,64	0	0	0	0	1	0	0	1	1	0	0	0	0	0	1	1	1	0	1	0	0	0	0	0	0	0	0	0	0	0	0	0	0	0	0	0	0	0	0	0	0	0	0	0	0	0	0	0	0	0	0	0	0	0	0	0	1	1	1	1	1	0	0	1	0
jlSCF_11	18155163	18352559	14	5,8,9,15,16,17,19,20,57,58,59,60,61,64	0	0	0	0	1	0	0	1	1	0	0	0	0	0	1	1	1	0	1	1	0	0	0	0	0	0	0	0	0	0	0	0	0	0	0	0	0	0	0	0	0	0	0	0	0	0	0	0	0	0	0	0	0	0	0	0	1	1	1	1	1	0	0	1	0
jlSCF_11	18352559	18472016	13	5,8,9,15,17,19,20,57,58,59,60,61,64	0	0	0	0	1	0	0	1	1	0	0	0	0	0	1	0	1	0	1	1	0	0	0	0	0	0	0	0	0	0	0	0	0	0	0	0	0	0	0	0	0	0	0	0	0	0	0	0	0	0	0	0	0	0	0	0	1	1	1	1	1	0	0	1	0
jlSCF_12	663237	785979	1	35	0	0	0	0	0	0	0	0	0	0	0	0	0	0	0	0	0	0	0	0	0	0	0	0	0	0	0	0	0	0	0	0	0	0	1	0	0	0	0	0	0	0	0	0	0	0	0	0	0	0	0	0	0	0	0	0	0	0	0	0	0	0	0	0	0
jlSCF_12	785979	861214	65	1,2,3,4,5,6,7,8,9,10,11,12,13,14,15,16,17,18,19,20,21,22,23,24,25,26,27,28,29,30,31,32,33,34,35,36,37,38,39,40,41,42,43,44,45,46,47,48,49,50,51,52,53,54,55,56,57,58,59,60,61,62,63,64,65	1	1	1	1	1	1	1	1	1	1	1	1	1	1	1	1	1	1	1	1	1	1	1	1	1	1	1	1	1	1	1	1	1	1	1	1	1	1	1	1	1	1	1	1	1	1	1	1	1	1	1	1	1	1	1	1	1	1	1	1	1	1	1	1	1
jlSCF_12	861214	975913	45	5,6,7,8,9,10,11,12,13,15,16,17,18,19,21,22,23,24,25,26,27,28,29,31,36,37,38,42,43,44,45,48,49,50,51,52,53,57,58,59,60,61,63,64,65	0	0	0	0	1	1	1	1	1	1	1	1	1	0	1	1	1	1	1	0	1	1	1	1	1	1	1	1	1	0	1	0	0	0	0	1	1	1	0	0	0	1	1	1	1	0	0	1	1	1	1	1	1	0	0	0	1	1	1	1	1	0	1	1	1
jlSCF_12	1292241	1382572	6	1,2,3,8,9,61	1	1	1	0	0	0	0	1	1	0	0	0	0	0	0	0	0	0	0	0	0	0	0	0	0	0	0	0	0	0	0	0	0	0	0	0	0	0	0	0	0	0	0	0	0	0	0	0	0	0	0	0	0	0	0	0	0	0	0	0	1	0	0	0	0
jlSCF_12	1382572	1494598	7	1,2,3,8,9,61,64	1	1	1	0	0	0	0	1	1	0	0	0	0	0	0	0	0	0	0	0	0	0	0	0	0	0	0	0	0	0	0	0	0	0	0	0	0	0	0	0	0	0	0	0	0	0	0	0	0	0	0	0	0	0	0	0	0	0	0	0	1	0	0	1	0
jlSCF_12	1522704	1794353	4	48,49,50,65	0	0	0	0	0	0	0	0	0	0	0	0	0	0	0	0	0	0	0	0	0	0	0	0	0	0	0	0	0	0	0	0	0	0	0	0	0	0	0	0	0	0	0	0	0	0	0	1	1	1	0	0	0	0	0	0	0	0	0	0	0	0	0	0	1
jlSCF_12	2127881	2219888	2	15,16	0	0	0	0	0	0	0	0	0	0	0	0	0	0	1	1	0	0	0	0	0	0	0	0	0	0	0	0	0	0	0	0	0	0	0	0	0	0	0	0	0	0	0	0	0	0	0	0	0	0	0	0	0	0	0	0	0	0	0	0	0	0	0	0	0
jlSCF_12	2219888	2242789	7	11,12,13,15,16,20,64	0	0	0	0	0	0	0	0	0	0	1	1	1	0	1	1	0	0	0	1	0	0	0	0	0	0	0	0	0	0	0	0	0	0	0	0	0	0	0	0	0	0	0	0	0	0	0	0	0	0	0	0	0	0	0	0	0	0	0	0	0	0	0	1	0
jlSCF_12	2242789	2507146	5	11,12,13,20,64	0	0	0	0	0	0	0	0	0	0	1	1	1	0	0	0	0	0	0	1	0	0	0	0	0	0	0	0	0	0	0	0	0	0	0	0	0	0	0	0	0	0	0	0	0	0	0	0	0	0	0	0	0	0	0	0	0	0	0	0	0	0	0	1	0
jlSCF_12	2507146	2604967	14	8,9,11,12,13,20,43,44,45,57,58,59,62,64	0	0	0	0	0	0	0	1	1	0	1	1	1	0	0	0	0	0	0	1	0	0	0	0	0	0	0	0	0	0	0	0	0	0	0	0	0	0	0	0	0	0	1	1	1	0	0	0	0	0	0	0	0	0	0	0	1	1	1	0	0	1	0	1	0
jlSCF_12	2604967	2650141	5	11,12,13,20,64	0	0	0	0	0	0	0	0	0	0	1	1	1	0	0	0	0	0	0	1	0	0	0	0	0	0	0	0	0	0	0	0	0	0	0	0	0	0	0	0	0	0	0	0	0	0	0	0	0	0	0	0	0	0	0	0	0	0	0	0	0	0	0	1	0
jlSCF_12	8893523	8955431	2	12,13	0	0	0	0	0	0	0	0	0	0	0	1	1	0	0	0	0	0	0	0	0	0	0	0	0	0	0	0	0	0	0	0	0	0	0	0	0	0	0	0	0	0	0	0	0	0	0	0	0	0	0	0	0	0	0	0	0	0	0	0	0	0	0	0	0
jlSCF_12	8955431	9041730	34	1,2,3,8,9,12,13,14,16,17,18,19,23,24,25,26,27,28,31,36,37,38,41,42,46,47,51,52,53,61,62,63,64,65	1	1	1	0	0	0	0	1	1	0	0	1	1	1	0	1	1	1	1	0	0	0	1	1	1	1	1	1	0	0	1	0	0	0	0	1	1	1	0	0	1	1	0	0	0	1	1	0	0	0	1	1	1	0	0	0	0	0	0	0	1	1	1	1	1
jlSCF_12	9041730	9139822	14	1,2,3,12,13,16,36,37,38,51,52,53,63,64	1	1	1	0	0	0	0	0	0	0	0	1	1	0	0	1	0	0	0	0	0	0	0	0	0	0	0	0	0	0	0	0	0	0	0	1	1	1	0	0	0	0	0	0	0	0	0	0	0	0	1	1	1	0	0	0	0	0	0	0	0	0	1	1	0
jlSCF_12	9139822	9243875	9	1,2,3,16,36,37,38,63,64	1	1	1	0	0	0	0	0	0	0	0	0	0	0	0	1	0	0	0	0	0	0	0	0	0	0	0	0	0	0	0	0	0	0	0	1	1	1	0	0	0	0	0	0	0	0	0	0	0	0	0	0	0	0	0	0	0	0	0	0	0	0	1	1	0
jlSCF_12	9243875	9256425	8	2,3,16,36,37,38,63,64	0	1	1	0	0	0	0	0	0	0	0	0	0	0	0	1	0	0	0	0	0	0	0	0	0	0	0	0	0	0	0	0	0	0	0	1	1	1	0	0	0	0	0	0	0	0	0	0	0	0	0	0	0	0	0	0	0	0	0	0	0	0	1	1	0
jlSCF_12	9850739	9907705	7	6,12,13,26,27,28,61	0	0	0	0	0	1	0	0	0	0	0	1	1	0	0	0	0	0	0	0	0	0	0	0	0	1	1	1	0	0	0	0	0	0	0	0	0	0	0	0	0	0	0	0	0	0	0	0	0	0	0	0	0	0	0	0	0	0	0	0	1	0	0	0	0
jlSCF_12	9907705	10020956	8	6,12,13,26,27,28,42,61	0	0	0	0	0	1	0	0	0	0	0	1	1	0	0	0	0	0	0	0	0	0	0	0	0	1	1	1	0	0	0	0	0	0	0	0	0	0	0	0	0	1	0	0	0	0	0	0	0	0	0	0	0	0	0	0	0	0	0	0	1	0	0	0	0
jlSCF_12	10020956	10132164	5	26,27,28,42,61	0	0	0	0	0	0	0	0	0	0	0	0	0	0	0	0	0	0	0	0	0	0	0	0	0	1	1	1	0	0	0	0	0	0	0	0	0	0	0	0	0	1	0	0	0	0	0	0	0	0	0	0	0	0	0	0	0	0	0	0	1	0	0	0	0
jlSCF_12	10132164	10201782	4	26,28,42,61	0	0	0	0	0	0	0	0	0	0	0	0	0	0	0	0	0	0	0	0	0	0	0	0	0	1	0	1	0	0	0	0	0	0	0	0	0	0	0	0	0	1	0	0	0	0	0	0	0	0	0	0	0	0	0	0	0	0	0	0	1	0	0	0	0
jlSCF_12	10434372	10817237	65	1,2,3,4,5,6,7,8,9,10,11,12,13,14,15,16,17,18,19,20,21,22,23,24,25,26,27,28,29,30,31,32,33,34,35,36,37,38,39,40,41,42,43,44,45,46,47,48,49,50,51,52,53,54,55,56,57,58,59,60,61,62,63,64,65	1	1	1	1	1	1	1	1	1	1	1	1	1	1	1	1	1	1	1	1	1	1	1	1	1	1	1	1	1	1	1	1	1	1	1	1	1	1	1	1	1	1	1	1	1	1	1	1	1	1	1	1	1	1	1	1	1	1	1	1	1	1	1	1	1
jlSCF_12	11778675	11815417	6	4,5,15,30,43,44	0	0	0	1	1	0	0	0	0	0	0	0	0	0	1	0	0	0	0	0	0	0	0	0	0	0	0	0	0	1	0	0	0	0	0	0	0	0	0	0	0	0	1	1	0	0	0	0	0	0	0	0	0	0	0	0	0	0	0	0	0	0	0	0	0
jlSCF_12	11815417	11840147	5	4,5,15,30,44	0	0	0	1	1	0	0	0	0	0	0	0	0	0	1	0	0	0	0	0	0	0	0	0	0	0	0	0	0	1	0	0	0	0	0	0	0	0	0	0	0	0	0	1	0	0	0	0	0	0	0	0	0	0	0	0	0	0	0	0	0	0	0	0	0
jlSCF_12	14191582	14212863	36	1,2,4,5,6,8,9,10,11,12,13,14,18,20,21,22,26,27,30,32,33,34,39,40,41,42,44,45,55,57,58,59,60,61,62,64	1	1	0	1	1	1	0	1	1	1	1	1	1	1	0	0	0	1	0	1	1	1	0	0	0	1	1	0	0	1	0	1	1	1	0	0	0	0	1	1	1	1	0	1	1	0	0	0	0	0	0	0	0	0	1	0	1	1	1	1	1	1	0	1	0
jlSCF_12	14212863	14358144	39	1,2,4,5,6,7,8,9,10,11,12,13,14,18,20,21,22,26,27,30,32,33,34,35,39,40,41,42,43,44,45,55,57,58,59,60,61,62,64	1	1	0	1	1	1	1	1	1	1	1	1	1	1	0	0	0	1	0	1	1	1	0	0	0	1	1	0	0	1	0	1	1	1	1	0	0	0	1	1	1	1	1	1	1	0	0	0	0	0	0	0	0	0	1	0	1	1	1	1	1	1	0	1	0
jlSCF_12	14358144	14859949	40	1,2,4,5,6,7,8,9,10,11,12,13,14,18,20,21,22,26,27,30,32,33,34,35,39,40,41,42,43,44,45,55,57,58,59,60,61,62,64,65	1	1	0	1	1	1	1	1	1	1	1	1	1	1	0	0	0	1	0	1	1	1	0	0	0	1	1	0	0	1	0	1	1	1	1	0	0	0	1	1	1	1	1	1	1	0	0	0	0	0	0	0	0	0	1	0	1	1	1	1	1	1	0	1	1
jlSCF_12	15337298	15404778	20	1,2,5,6,10,12,13,18,20,26,27,29,30,31,35,39,40,42,61,65	1	1	0	0	1	1	0	0	0	1	0	1	1	0	0	0	0	1	0	1	0	0	0	0	0	1	1	0	1	1	1	0	0	0	1	0	0	0	1	1	0	1	0	0	0	0	0	0	0	0	0	0	0	0	0	0	0	0	0	0	1	0	0	0	1
jlSCF_12	15962338	16034504	2	17,19	0	0	0	0	0	0	0	0	0	0	0	0	0	0	0	0	1	0	1	0	0	0	0	0	0	0	0	0	0	0	0	0	0	0	0	0	0	0	0	0	0	0	0	0	0	0	0	0	0	0	0	0	0	0	0	0	0	0	0	0	0	0	0	0	0
jlSCF_12	16034504	16141010	11	17,18,19,23,24,25,26,27,42,46,47	0	0	0	0	0	0	0	0	0	0	0	0	0	0	0	0	1	1	1	0	0	0	1	1	1	1	1	0	0	0	0	0	0	0	0	0	0	0	0	0	0	1	0	0	0	1	1	0	0	0	0	0	0	0	0	0	0	0	0	0	0	0	0	0	0
jlSCF_12	16141010	16222143	25	1,2,3,7,10,11,15,17,18,19,23,24,25,26,27,29,30,31,42,46,47,54,55,56,61	1	1	1	0	0	0	1	0	0	1	1	0	0	0	1	0	1	1	1	0	0	0	1	1	1	1	1	0	1	1	1	0	0	0	0	0	0	0	0	0	0	1	0	0	0	1	1	0	0	0	0	0	0	1	1	1	0	0	0	0	1	0	0	0	0
jlSCF_12	16222143	16251927	33	1,2,3,7,10,11,15,17,18,19,21,23,24,25,26,27,29,30,31,32,33,34,35,39,40,42,46,47,54,55,56,61,63	1	1	1	0	0	0	1	0	0	1	1	0	0	0	1	0	1	1	1	0	1	0	1	1	1	1	1	0	1	1	1	1	1	1	1	0	0	0	1	1	0	1	0	0	0	1	1	0	0	0	0	0	0	1	1	1	0	0	0	0	1	0	1	0	0
jlSCF_12	16251927	16329212	34	1,2,3,7,10,11,15,17,18,19,20,21,23,24,25,26,27,29,30,31,32,33,34,35,39,40,42,46,47,54,55,56,61,63	1	1	1	0	0	0	1	0	0	1	1	0	0	0	1	0	1	1	1	1	1	0	1	1	1	1	1	0	1	1	1	1	1	1	1	0	0	0	1	1	0	1	0	0	0	1	1	0	0	0	0	0	0	1	1	1	0	0	0	0	1	0	1	0	0
jlSCF_12	16515449	16613890	25	5,7,8,9,10,11,12,13,15,21,29,30,31,32,33,34,35,39,40,54,55,56,61,64,65	0	0	0	0	1	0	1	1	1	1	1	1	1	0	1	0	0	0	0	0	1	0	0	0	0	0	0	0	1	1	1	1	1	1	1	0	0	0	1	1	0	0	0	0	0	0	0	0	0	0	0	0	0	1	1	1	0	0	0	0	1	0	0	1	1
jlSCF_13	399461	504015	4	57,58,59,61	0	0	0	0	0	0	0	0	0	0	0	0	0	0	0	0	0	0	0	0	0	0	0	0	0	0	0	0	0	0	0	0	0	0	0	0	0	0	0	0	0	0	0	0	0	0	0	0	0	0	0	0	0	0	0	0	1	1	1	0	1	0	0	0	0
jlSCF_13	504015	509794	5	22,57,58,59,61	0	0	0	0	0	0	0	0	0	0	0	0	0	0	0	0	0	0	0	0	0	1	0	0	0	0	0	0	0	0	0	0	0	0	0	0	0	0	0	0	0	0	0	0	0	0	0	0	0	0	0	0	0	0	0	0	1	1	1	0	1	0	0	0	0
jlSCF_13	509794	518019	8	22,43,44,45,57,58,59,61	0	0	0	0	0	0	0	0	0	0	0	0	0	0	0	0	0	0	0	0	0	1	0	0	0	0	0	0	0	0	0	0	0	0	0	0	0	0	0	0	0	0	1	1	1	0	0	0	0	0	0	0	0	0	0	0	1	1	1	0	1	0	0	0	0
jlSCF_13	518019	546236	12	5,8,9,21,22,43,44,45,57,58,59,61	0	0	0	0	1	0	0	1	1	0	0	0	0	0	0	0	0	0	0	0	1	1	0	0	0	0	0	0	0	0	0	0	0	0	0	0	0	0	0	0	0	0	1	1	1	0	0	0	0	0	0	0	0	0	0	0	1	1	1	0	1	0	0	0	0
jlSCF_13	546236	559242	8	5,8,9,21,22,43,44,45	0	0	0	0	1	0	0	1	1	0	0	0	0	0	0	0	0	0	0	0	1	1	0	0	0	0	0	0	0	0	0	0	0	0	0	0	0	0	0	0	0	0	1	1	1	0	0	0	0	0	0	0	0	0	0	0	0	0	0	0	0	0	0	0	0
jlSCF_13	559242	623719	7	5,8,9,21,43,44,45	0	0	0	0	1	0	0	1	1	0	0	0	0	0	0	0	0	0	0	0	1	0	0	0	0	0	0	0	0	0	0	0	0	0	0	0	0	0	0	0	0	0	1	1	1	0	0	0	0	0	0	0	0	0	0	0	0	0	0	0	0	0	0	0	0
jlSCF_13	704105	820948	8	1,2,3,20,41,54,56,62	1	1	1	0	0	0	0	0	0	0	0	0	0	0	0	0	0	0	0	1	0	0	0	0	0	0	0	0	0	0	0	0	0	0	0	0	0	0	0	0	1	0	0	0	0	0	0	0	0	0	0	0	0	1	0	1	0	0	0	0	0	1	0	0	0
jlSCF_13	820948	840545	12	1,2,3,5,8,9,20,21,41,54,56,62	1	1	1	0	1	0	0	1	1	0	0	0	0	0	0	0	0	0	0	1	1	0	0	0	0	0	0	0	0	0	0	0	0	0	0	0	0	0	0	0	1	0	0	0	0	0	0	0	0	0	0	0	0	1	0	1	0	0	0	0	0	1	0	0	0
jlSCF_13	840545	1002499	5	5,8,9,21,41	0	0	0	0	1	0	0	1	1	0	0	0	0	0	0	0	0	0	0	0	1	0	0	0	0	0	0	0	0	0	0	0	0	0	0	0	0	0	0	0	1	0	0	0	0	0	0	0	0	0	0	0	0	0	0	0	0	0	0	0	0	0	0	0	0
jlSCF_13	1002499	1224156	6	5,8,9,21,41,61	0	0	0	0	1	0	0	1	1	0	0	0	0	0	0	0	0	0	0	0	1	0	0	0	0	0	0	0	0	0	0	0	0	0	0	0	0	0	0	0	1	0	0	0	0	0	0	0	0	0	0	0	0	0	0	0	0	0	0	0	1	0	0	0	0
jlSCF_13	1224156	1362473	5	5,8,9,21,61	0	0	0	0	1	0	0	1	1	0	0	0	0	0	0	0	0	0	0	0	1	0	0	0	0	0	0	0	0	0	0	0	0	0	0	0	0	0	0	0	0	0	0	0	0	0	0	0	0	0	0	0	0	0	0	0	0	0	0	0	1	0	0	0	0
jlSCF_13	2523669	2579726	7	23,24,25,43,44,45,62	0	0	0	0	0	0	0	0	0	0	0	0	0	0	0	0	0	0	0	0	0	0	1	1	1	0	0	0	0	0	0	0	0	0	0	0	0	0	0	0	0	0	1	1	1	0	0	0	0	0	0	0	0	0	0	0	0	0	0	0	0	1	0	0	0
jlSCF_13	2579726	2631098	9	23,24,25,29,31,43,44,45,62	0	0	0	0	0	0	0	0	0	0	0	0	0	0	0	0	0	0	0	0	0	0	1	1	1	0	0	0	1	0	1	0	0	0	0	0	0	0	0	0	0	0	1	1	1	0	0	0	0	0	0	0	0	0	0	0	0	0	0	0	0	1	0	0	0
jlSCF_13	5925281	6328480	3	11,17,39	0	0	0	0	0	0	0	0	0	0	1	0	0	0	0	0	1	0	0	0	0	0	0	0	0	0	0	0	0	0	0	0	0	0	0	0	0	0	1	0	0	0	0	0	0	0	0	0	0	0	0	0	0	0	0	0	0	0	0	0	0	0	0	0	0
jlSCF_13	6328480	6466628	54	1,2,3,4,5,8,9,10,11,12,13,14,16,17,18,19,21,22,23,24,25,26,27,28,29,30,31,35,39,40,41,42,43,44,45,46,47,48,49,50,51,52,53,54,55,56,57,58,59,61,62,63,64,65	1	1	1	1	1	0	0	1	1	1	1	1	1	1	0	1	1	1	1	0	1	1	1	1	1	1	1	1	1	1	1	0	0	0	1	0	0	0	1	1	1	1	1	1	1	1	1	1	1	1	1	1	1	1	1	1	1	1	1	0	1	1	1	1	1
jlSCF_13	6594602	6635701	8	23,24,25,30,32,33,34,60	0	0	0	0	0	0	0	0	0	0	0	0	0	0	0	0	0	0	0	0	0	0	1	1	1	0	0	0	0	1	0	1	1	1	0	0	0	0	0	0	0	0	0	0	0	0	0	0	0	0	0	0	0	0	0	0	0	0	0	1	0	0	0	0	0
jlSCF_13	6635701	6735031	10	23,24,25,30,32,33,34,54,56,60	0	0	0	0	0	0	0	0	0	0	0	0	0	0	0	0	0	0	0	0	0	0	1	1	1	0	0	0	0	1	0	1	1	1	0	0	0	0	0	0	0	0	0	0	0	0	0	0	0	0	0	0	0	1	0	1	0	0	0	1	0	0	0	0	0
jlSCF_13	6735031	6851492	2	54,56	0	0	0	0	0	0	0	0	0	0	0	0	0	0	0	0	0	0	0	0	0	0	0	0	0	0	0	0	0	0	0	0	0	0	0	0	0	0	0	0	0	0	0	0	0	0	0	0	0	0	0	0	0	1	0	1	0	0	0	0	0	0	0	0	0
jlSCF_13	7577231	7754635	9	14,21,32,33,34,36,37,38,60	0	0	0	0	0	0	0	0	0	0	0	0	0	1	0	0	0	0	0	0	1	0	0	0	0	0	0	0	0	0	0	1	1	1	0	1	1	1	0	0	0	0	0	0	0	0	0	0	0	0	0	0	0	0	0	0	0	0	0	1	0	0	0	0	0
jlSCF_13	7754635	7798101	10	14,15,21,32,33,34,36,37,38,60	0	0	0	0	0	0	0	0	0	0	0	0	0	1	1	0	0	0	0	0	1	0	0	0	0	0	0	0	0	0	0	1	1	1	0	1	1	1	0	0	0	0	0	0	0	0	0	0	0	0	0	0	0	0	0	0	0	0	0	1	0	0	0	0	0
jlSCF_13	7798101	8047373	2	14,21	0	0	0	0	0	0	0	0	0	0	0	0	0	1	0	0	0	0	0	0	1	0	0	0	0	0	0	0	0	0	0	0	0	0	0	0	0	0	0	0	0	0	0	0	0	0	0	0	0	0	0	0	0	0	0	0	0	0	0	0	0	0	0	0	0
jlSCF_13	10893848	11126608	2	4,5	0	0	0	1	1	0	0	0	0	0	0	0	0	0	0	0	0	0	0	0	0	0	0	0	0	0	0	0	0	0	0	0	0	0	0	0	0	0	0	0	0	0	0	0	0	0	0	0	0	0	0	0	0	0	0	0	0	0	0	0	0	0	0	0	0
jlSCF_13	11506434	11524299	1	42	0	0	0	0	0	0	0	0	0	0	0	0	0	0	0	0	0	0	0	0	0	0	0	0	0	0	0	0	0	0	0	0	0	0	0	0	0	0	0	0	0	1	0	0	0	0	0	0	0	0	0	0	0	0	0	0	0	0	0	0	0	0	0	0	0
jlSCF_13	11524299	11697704	8	7,10,11,17,18,19,20,42	0	0	0	0	0	0	1	0	0	1	1	0	0	0	0	0	1	1	1	1	0	0	0	0	0	0	0	0	0	0	0	0	0	0	0	0	0	0	0	0	0	1	0	0	0	0	0	0	0	0	0	0	0	0	0	0	0	0	0	0	0	0	0	0	0
jlSCF_13	11697704	11707464	6	10,17,18,19,20,42	0	0	0	0	0	0	0	0	0	1	0	0	0	0	0	0	1	1	1	1	0	0	0	0	0	0	0	0	0	0	0	0	0	0	0	0	0	0	0	0	0	1	0	0	0	0	0	0	0	0	0	0	0	0	0	0	0	0	0	0	0	0	0	0	0
jlSCF_13	11707464	11804590	5	10,17,18,19,20	0	0	0	0	0	0	0	0	0	1	0	0	0	0	0	0	1	1	1	1	0	0	0	0	0	0	0	0	0	0	0	0	0	0	0	0	0	0	0	0	0	0	0	0	0	0	0	0	0	0	0	0	0	0	0	0	0	0	0	0	0	0	0	0	0
jlSCF_13	11804590	11982953	4	17,18,19,20	0	0	0	0	0	0	0	0	0	0	0	0	0	0	0	0	1	1	1	1	0	0	0	0	0	0	0	0	0	0	0	0	0	0	0	0	0	0	0	0	0	0	0	0	0	0	0	0	0	0	0	0	0	0	0	0	0	0	0	0	0	0	0	0	0
jlSCF_13	11982953	12218812	3	17,18,19	0	0	0	0	0	0	0	0	0	0	0	0	0	0	0	0	1	1	1	0	0	0	0	0	0	0	0	0	0	0	0	0	0	0	0	0	0	0	0	0	0	0	0	0	0	0	0	0	0	0	0	0	0	0	0	0	0	0	0	0	0	0	0	0	0
jlSCF_13	13596556	13612355	48	1,2,3,4,5,7,8,9,10,11,12,13,16,17,18,19,20,21,23,24,25,26,27,29,30,32,33,34,35,36,37,38,39,40,41,43,44,45,51,52,53,54,55,56,61,63,64,65	1	1	1	1	1	0	1	1	1	1	1	1	1	0	0	1	1	1	1	1	1	0	1	1	1	1	1	0	1	1	0	1	1	1	1	1	1	1	1	1	1	0	1	1	1	0	0	0	0	0	1	1	1	1	1	1	0	0	0	0	1	0	1	1	1
jlSCF_13	13612355	13728161	50	1,2,3,4,5,7,8,9,10,11,12,13,16,17,18,19,20,21,23,24,25,26,27,29,30,32,33,34,35,36,37,38,39,40,41,43,44,45,46,47,51,52,53,54,55,56,61,63,64,65	1	1	1	1	1	0	1	1	1	1	1	1	1	0	0	1	1	1	1	1	1	0	1	1	1	1	1	0	1	1	0	1	1	1	1	1	1	1	1	1	1	0	1	1	1	1	1	0	0	0	1	1	1	1	1	1	0	0	0	0	1	0	1	1	1
jlSCF_13	13728161	13788770	51	1,2,3,4,5,7,8,9,10,11,12,13,15,16,17,18,19,20,21,23,24,25,26,27,29,30,32,33,34,35,36,37,38,39,40,41,43,44,45,46,47,51,52,53,54,55,56,61,63,64,65	1	1	1	1	1	0	1	1	1	1	1	1	1	0	1	1	1	1	1	1	1	0	1	1	1	1	1	0	1	1	0	1	1	1	1	1	1	1	1	1	1	0	1	1	1	1	1	0	0	0	1	1	1	1	1	1	0	0	0	0	1	0	1	1	1
jlSCF_13	13788770	13804255	50	1,2,3,4,5,7,8,9,10,11,12,13,15,16,17,18,19,20,23,24,25,26,27,29,30,32,33,34,35,36,37,38,39,40,41,43,44,45,46,47,51,52,53,54,55,56,61,63,64,65	1	1	1	1	1	0	1	1	1	1	1	1	1	0	1	1	1	1	1	1	0	0	1	1	1	1	1	0	1	1	0	1	1	1	1	1	1	1	1	1	1	0	1	1	1	1	1	0	0	0	1	1	1	1	1	1	0	0	0	0	1	0	1	1	1
jlSCF_13	13804255	13848062	10	7,11,15,32,33,34,46,47,64,65	0	0	0	0	0	0	1	0	0	0	1	0	0	0	1	0	0	0	0	0	0	0	0	0	0	0	0	0	0	0	0	1	1	1	0	0	0	0	0	0	0	0	0	0	0	1	1	0	0	0	0	0	0	0	0	0	0	0	0	0	0	0	0	1	1
jlSCF_13	13848062	13995833	5	7,11,15,46,47	0	0	0	0	0	0	1	0	0	0	1	0	0	0	1	0	0	0	0	0	0	0	0	0	0	0	0	0	0	0	0	0	0	0	0	0	0	0	0	0	0	0	0	0	0	1	1	0	0	0	0	0	0	0	0	0	0	0	0	0	0	0	0	0	0
jlSCF_14	430552	435070	15	5,12,13,20,21,22,36,37,38,41,51,52,53,60,61	0	0	0	0	1	0	0	0	0	0	0	1	1	0	0	0	0	0	0	1	1	1	0	0	0	0	0	0	0	0	0	0	0	0	0	1	1	1	0	0	1	0	0	0	0	0	0	0	0	0	1	1	1	0	0	0	0	0	0	1	1	0	0	0	0
jlSCF_14	435070	606468	18	5,12,13,20,21,22,26,27,28,36,37,38,41,51,52,53,60,61	0	0	0	0	1	0	0	0	0	0	0	1	1	0	0	0	0	0	0	1	1	1	0	0	0	1	1	1	0	0	0	0	0	0	0	1	1	1	0	0	1	0	0	0	0	0	0	0	0	0	1	1	1	0	0	0	0	0	0	1	1	0	0	0	0
jlSCF_14	606468	787287	40	4,5,10,12,13,16,20,21,22,23,24,25,26,27,28,32,33,34,36,37,38,41,42,43,44,45,48,49,50,51,52,53,55,57,58,59,60,61,62,64	0	0	0	1	1	0	0	0	0	1	0	1	1	0	0	1	0	0	0	1	1	1	1	1	1	1	1	1	0	0	0	1	1	1	0	1	1	1	0	0	1	1	1	1	1	0	0	1	1	1	1	1	1	0	1	0	1	1	1	1	1	1	0	1	0
jlSCF_14	787287	824995	39	4,5,10,12,13,16,20,21,22,23,24,25,26,27,32,33,34,36,37,38,41,42,43,44,45,48,49,50,51,52,53,55,57,58,59,60,61,62,64	0	0	0	1	1	0	0	0	0	1	0	1	1	0	0	1	0	0	0	1	1	1	1	1	1	1	1	0	0	0	0	1	1	1	0	1	1	1	0	0	1	1	1	1	1	0	0	1	1	1	1	1	1	0	1	0	1	1	1	1	1	1	0	1	0
jlSCF_14	1362415	1381162	15	6,14,15,17,18,19,20,26,27,35,39,40,42,62,65	0	0	0	0	0	1	0	0	0	0	0	0	0	1	1	0	1	1	1	1	0	0	0	0	0	1	1	0	0	0	0	0	0	0	1	0	0	0	1	1	0	1	0	0	0	0	0	0	0	0	0	0	0	0	0	0	0	0	0	0	0	1	0	0	1
jlSCF_14	1381162	1665218	20	6,8,9,14,15,17,18,19,20,26,27,28,35,39,40,42,54,56,62,65	0	0	0	0	0	1	0	1	1	0	0	0	0	1	1	0	1	1	1	1	0	0	0	0	0	1	1	1	0	0	0	0	0	0	1	0	0	0	1	1	0	1	0	0	0	0	0	0	0	0	0	0	0	1	0	1	0	0	0	0	0	1	0	0	1
jlSCF_14	1665218	1707935	21	6,8,9,14,15,17,18,19,20,26,27,28,35,39,40,41,42,54,56,62,65	0	0	0	0	0	1	0	1	1	0	0	0	0	1	1	0	1	1	1	1	0	0	0	0	0	1	1	1	0	0	0	0	0	0	1	0	0	0	1	1	1	1	0	0	0	0	0	0	0	0	0	0	0	1	0	1	0	0	0	0	0	1	0	0	1
jlSCF_14	1707935	2038604	47	1,2,3,5,6,8,9,12,13,14,15,17,18,19,20,23,24,25,26,27,28,32,33,34,35,36,37,38,39,40,41,42,43,44,45,48,49,50,51,52,53,54,55,56,61,62,65	1	1	1	0	1	1	0	1	1	0	0	1	1	1	1	0	1	1	1	1	0	0	1	1	1	1	1	1	0	0	0	1	1	1	1	1	1	1	1	1	1	1	1	1	1	0	0	1	1	1	1	1	1	1	1	1	0	0	0	0	1	1	0	0	1
jlSCF_14	2038604	2116918	22	5,12,13,23,24,25,36,37,38,42,43,44,45,48,49,50,51,52,53,55,61,65	0	0	0	0	1	0	0	0	0	0	0	1	1	0	0	0	0	0	0	0	0	0	1	1	1	0	0	0	0	0	0	0	0	0	0	1	1	1	0	0	0	1	1	1	1	0	0	1	1	1	1	1	1	0	1	0	0	0	0	0	1	0	0	0	1
jlSCF_14	2116918	2267106	24	4,5,12,13,16,23,24,25,36,37,38,42,43,44,45,48,49,50,51,52,53,55,61,65	0	0	0	1	1	0	0	0	0	0	0	1	1	0	0	1	0	0	0	0	0	0	1	1	1	0	0	0	0	0	0	0	0	0	0	1	1	1	0	0	0	1	1	1	1	0	0	1	1	1	1	1	1	0	1	0	0	0	0	0	1	0	0	0	1
jlSCF_14	2267106	2329989	65	1,2,3,4,5,6,7,8,9,10,11,12,13,14,15,16,17,18,19,20,21,22,23,24,25,26,27,28,29,30,31,32,33,34,35,36,37,38,39,40,41,42,43,44,45,46,47,48,49,50,51,52,53,54,55,56,57,58,59,60,61,62,63,64,65	1	1	1	1	1	1	1	1	1	1	1	1	1	1	1	1	1	1	1	1	1	1	1	1	1	1	1	1	1	1	1	1	1	1	1	1	1	1	1	1	1	1	1	1	1	1	1	1	1	1	1	1	1	1	1	1	1	1	1	1	1	1	1	1	1
jlSCF_14	5488107	5792488	2	26,27	0	0	0	0	0	0	0	0	0	0	0	0	0	0	0	0	0	0	0	0	0	0	0	0	0	1	1	0	0	0	0	0	0	0	0	0	0	0	0	0	0	0	0	0	0	0	0	0	0	0	0	0	0	0	0	0	0	0	0	0	0	0	0	0	0
jlSCF_14	5792488	5904775	7	15,26,27,51,52,53,64	0	0	0	0	0	0	0	0	0	0	0	0	0	0	1	0	0	0	0	0	0	0	0	0	0	1	1	0	0	0	0	0	0	0	0	0	0	0	0	0	0	0	0	0	0	0	0	0	0	0	1	1	1	0	0	0	0	0	0	0	0	0	0	1	0
jlSCF_14	5904775	5936922	5	15,51,52,53,64	0	0	0	0	0	0	0	0	0	0	0	0	0	0	1	0	0	0	0	0	0	0	0	0	0	0	0	0	0	0	0	0	0	0	0	0	0	0	0	0	0	0	0	0	0	0	0	0	0	0	1	1	1	0	0	0	0	0	0	0	0	0	0	1	0
jlSCF_14	6014761	6048879	8	1,2,3,11,14,26,27,41	1	1	1	0	0	0	0	0	0	0	1	0	0	1	0	0	0	0	0	0	0	0	0	0	0	1	1	0	0	0	0	0	0	0	0	0	0	0	0	0	1	0	0	0	0	0	0	0	0	0	0	0	0	0	0	0	0	0	0	0	0	0	0	0	0
jlSCF_14	6048879	6157435	11	1,2,3,11,14,17,18,19,26,27,41	1	1	1	0	0	0	0	0	0	0	1	0	0	1	0	0	1	1	1	0	0	0	0	0	0	1	1	0	0	0	0	0	0	0	0	0	0	0	0	0	1	0	0	0	0	0	0	0	0	0	0	0	0	0	0	0	0	0	0	0	0	0	0	0	0
jlSCF_14	6157435	6230510	14	1,2,3,11,14,17,18,19,26,27,41,43,44,45	1	1	1	0	0	0	0	0	0	0	1	0	0	1	0	0	1	1	1	0	0	0	0	0	0	1	1	0	0	0	0	0	0	0	0	0	0	0	0	0	1	0	1	1	1	0	0	0	0	0	0	0	0	0	0	0	0	0	0	0	0	0	0	0	0
jlSCF_14	6230510	6257437	51	1,2,3,4,5,7,8,9,10,11,14,15,17,18,19,20,21,26,27,28,30,31,35,36,37,38,39,40,41,42,43,44,45,46,47,48,49,50,51,52,53,54,55,56,57,58,59,60,61,62,64	1	1	1	1	1	0	1	1	1	1	1	0	0	1	1	0	1	1	1	1	1	0	0	0	0	1	1	1	0	1	1	0	0	0	1	1	1	1	1	1	1	1	1	1	1	1	1	1	1	1	1	1	1	1	1	1	1	1	1	1	1	1	0	1	0
jlSCF_14	6257437	6335433	52	1,2,3,4,5,6,7,8,9,10,11,14,15,17,18,19,20,21,26,27,28,30,31,35,36,37,38,39,40,41,42,43,44,45,46,47,48,49,50,51,52,53,54,55,56,57,58,59,60,61,62,64	1	1	1	1	1	1	1	1	1	1	1	0	0	1	1	0	1	1	1	1	1	0	0	0	0	1	1	1	0	1	1	0	0	0	1	1	1	1	1	1	1	1	1	1	1	1	1	1	1	1	1	1	1	1	1	1	1	1	1	1	1	1	0	1	0
jlSCF_14	6335433	6566470	51	1,2,3,4,5,6,8,9,10,11,14,15,17,18,19,20,21,26,27,28,30,31,35,36,37,38,39,40,41,42,43,44,45,46,47,48,49,50,51,52,53,54,55,56,57,58,59,60,61,62,64	1	1	1	1	1	1	0	1	1	1	1	0	0	1	1	0	1	1	1	1	1	0	0	0	0	1	1	1	0	1	1	0	0	0	1	1	1	1	1	1	1	1	1	1	1	1	1	1	1	1	1	1	1	1	1	1	1	1	1	1	1	1	0	1	0
jlSCF_14	6566470	6591100	62	1,2,3,4,5,6,7,8,9,10,11,12,13,14,15,17,18,19,20,21,23,24,25,26,27,28,30,31,32,33,34,35,36,37,38,39,40,41,42,43,44,45,46,47,48,49,50,51,52,53,54,55,56,57,58,59,60,61,62,63,64,65	1	1	1	1	1	1	1	1	1	1	1	1	1	1	1	0	1	1	1	1	1	0	1	1	1	1	1	1	0	1	1	1	1	1	1	1	1	1	1	1	1	1	1	1	1	1	1	1	1	1	1	1	1	1	1	1	1	1	1	1	1	1	1	1	1
jlSCF_14	6591100	6692589	63	1,2,3,4,5,6,7,8,9,10,11,12,13,14,15,16,17,18,19,20,21,23,24,25,26,27,28,30,31,32,33,34,35,36,37,38,39,40,41,42,43,44,45,46,47,48,49,50,51,52,53,54,55,56,57,58,59,60,61,62,63,64,65	1	1	1	1	1	1	1	1	1	1	1	1	1	1	1	1	1	1	1	1	1	0	1	1	1	1	1	1	0	1	1	1	1	1	1	1	1	1	1	1	1	1	1	1	1	1	1	1	1	1	1	1	1	1	1	1	1	1	1	1	1	1	1	1	1
jlSCF_14	6692589	6745135	65	1,2,3,4,5,6,7,8,9,10,11,12,13,14,15,16,17,18,19,20,21,22,23,24,25,26,27,28,29,30,31,32,33,34,35,36,37,38,39,40,41,42,43,44,45,46,47,48,49,50,51,52,53,54,55,56,57,58,59,60,61,62,63,64,65	1	1	1	1	1	1	1	1	1	1	1	1	1	1	1	1	1	1	1	1	1	1	1	1	1	1	1	1	1	1	1	1	1	1	1	1	1	1	1	1	1	1	1	1	1	1	1	1	1	1	1	1	1	1	1	1	1	1	1	1	1	1	1	1	1
jlSCF_14	6745135	6899407	29	1,2,3,4,5,6,7,8,9,11,12,13,14,15,23,24,25,29,30,35,39,40,51,52,53,60,62,63,65	1	1	1	1	1	1	1	1	1	0	1	1	1	1	1	0	0	0	0	0	0	0	1	1	1	0	0	0	1	1	0	0	0	0	1	0	0	0	1	1	0	0	0	0	0	0	0	0	0	0	1	1	1	0	0	0	0	0	0	1	0	1	1	0	1
jlSCF_14	6899407	7400448	25	1,2,3,4,5,6,7,8,9,11,12,13,14,15,23,24,25,29,30,51,52,53,60,63,65	1	1	1	1	1	1	1	1	1	0	1	1	1	1	1	0	0	0	0	0	0	0	1	1	1	0	0	0	1	1	0	0	0	0	0	0	0	0	0	0	0	0	0	0	0	0	0	0	0	0	1	1	1	0	0	0	0	0	0	1	0	0	1	0	1
jlSCF_14	7400448	7719477	27	1,2,3,4,5,6,7,8,9,11,12,13,14,15,17,19,23,24,25,29,30,51,52,53,60,63,65	1	1	1	1	1	1	1	1	1	0	1	1	1	1	1	0	1	0	1	0	0	0	1	1	1	0	0	0	1	1	0	0	0	0	0	0	0	0	0	0	0	0	0	0	0	0	0	0	0	0	1	1	1	0	0	0	0	0	0	1	0	0	1	0	1
jlSCF_14	7719477	7771978	24	1,2,3,4,5,6,7,8,9,11,12,13,14,15,17,19,23,24,25,29,30,60,63,65	1	1	1	1	1	1	1	1	1	0	1	1	1	1	1	0	1	0	1	0	0	0	1	1	1	0	0	0	1	1	0	0	0	0	0	0	0	0	0	0	0	0	0	0	0	0	0	0	0	0	0	0	0	0	0	0	0	0	0	1	0	0	1	0	1
jlSCF_14	7771978	7786082	8	7,12,13,23,24,25,63,65	0	0	0	0	0	0	1	0	0	0	0	1	1	0	0	0	0	0	0	0	0	0	1	1	1	0	0	0	0	0	0	0	0	0	0	0	0	0	0	0	0	0	0	0	0	0	0	0	0	0	0	0	0	0	0	0	0	0	0	0	0	0	1	0	1
jlSCF_14	7786082	7921854	6	7,12,13,23,24,25	0	0	0	0	0	0	1	0	0	0	0	1	1	0	0	0	0	0	0	0	0	0	1	1	1	0	0	0	0	0	0	0	0	0	0	0	0	0	0	0	0	0	0	0	0	0	0	0	0	0	0	0	0	0	0	0	0	0	0	0	0	0	0	0	0
jlSCF_14	7921854	8150069	7	7,12,13,23,24,25,61	0	0	0	0	0	0	1	0	0	0	0	1	1	0	0	0	0	0	0	0	0	0	1	1	1	0	0	0	0	0	0	0	0	0	0	0	0	0	0	0	0	0	0	0	0	0	0	0	0	0	0	0	0	0	0	0	0	0	0	0	1	0	0	0	0
jlSCF_14	8150069	8552563	6	7,12,13,23,24,25	0	0	0	0	0	0	1	0	0	0	0	1	1	0	0	0	0	0	0	0	0	0	1	1	1	0	0	0	0	0	0	0	0	0	0	0	0	0	0	0	0	0	0	0	0	0	0	0	0	0	0	0	0	0	0	0	0	0	0	0	0	0	0	0	0
jlSCF_14	8552563	8587171	13	7,10,12,13,19,23,24,25,35,39,55,57,58	0	0	0	0	0	0	1	0	0	1	0	1	1	0	0	0	0	0	1	0	0	0	1	1	1	0	0	0	0	0	0	0	0	0	1	0	0	0	1	0	0	0	0	0	0	0	0	0	0	0	0	0	0	0	1	0	1	1	0	0	0	0	0	0	0
jlSCF_14	8587171	8731391	6	7,12,13,23,24,25	0	0	0	0	0	0	1	0	0	0	0	1	1	0	0	0	0	0	0	0	0	0	1	1	1	0	0	0	0	0	0	0	0	0	0	0	0	0	0	0	0	0	0	0	0	0	0	0	0	0	0	0	0	0	0	0	0	0	0	0	0	0	0	0	0
jlSCF_14	8731391	8989399	13	4,7,12,13,20,21,22,23,24,25,54,56,64	0	0	0	1	0	0	1	0	0	0	0	1	1	0	0	0	0	0	0	1	1	1	1	1	1	0	0	0	0	0	0	0	0	0	0	0	0	0	0	0	0	0	0	0	0	0	0	0	0	0	0	0	0	1	0	1	0	0	0	0	0	0	0	1	0
jlSCF_14	8989399	9011006	11	7,12,13,20,21,23,24,25,54,56,64	0	0	0	0	0	0	1	0	0	0	0	1	1	0	0	0	0	0	0	1	1	0	1	1	1	0	0	0	0	0	0	0	0	0	0	0	0	0	0	0	0	0	0	0	0	0	0	0	0	0	0	0	0	1	0	1	0	0	0	0	0	0	0	1	0
jlSCF_14	9011006	9265775	6	7,12,13,23,24,25	0	0	0	0	0	0	1	0	0	0	0	1	1	0	0	0	0	0	0	0	0	0	1	1	1	0	0	0	0	0	0	0	0	0	0	0	0	0	0	0	0	0	0	0	0	0	0	0	0	0	0	0	0	0	0	0	0	0	0	0	0	0	0	0	0
jlSCF_14	9265775	9347836	7	7,12,13,23,24,25,63	0	0	0	0	0	0	1	0	0	0	0	1	1	0	0	0	0	0	0	0	0	0	1	1	1	0	0	0	0	0	0	0	0	0	0	0	0	0	0	0	0	0	0	0	0	0	0	0	0	0	0	0	0	0	0	0	0	0	0	0	0	0	1	0	0
jlSCF_14	9347836	9477578	6	7,12,13,23,24,25	0	0	0	0	0	0	1	0	0	0	0	1	1	0	0	0	0	0	0	0	0	0	1	1	1	0	0	0	0	0	0	0	0	0	0	0	0	0	0	0	0	0	0	0	0	0	0	0	0	0	0	0	0	0	0	0	0	0	0	0	0	0	0	0	0
jlSCF_14	9477578	10150900	7	7,12,13,23,24,25,63	0	0	0	0	0	0	1	0	0	0	0	1	1	0	0	0	0	0	0	0	0	0	1	1	1	0	0	0	0	0	0	0	0	0	0	0	0	0	0	0	0	0	0	0	0	0	0	0	0	0	0	0	0	0	0	0	0	0	0	0	0	0	1	0	0
jlSCF_14	10150900	10857036	10	7,12,13,23,24,25,43,44,45,63	0	0	0	0	0	0	1	0	0	0	0	1	1	0	0	0	0	0	0	0	0	0	1	1	1	0	0	0	0	0	0	0	0	0	0	0	0	0	0	0	0	0	1	1	1	0	0	0	0	0	0	0	0	0	0	0	0	0	0	0	0	0	1	0	0
jlSCF_14	10857036	12294828	7	7,12,13,23,24,25,63	0	0	0	0	0	0	1	0	0	0	0	1	1	0	0	0	0	0	0	0	0	0	1	1	1	0	0	0	0	0	0	0	0	0	0	0	0	0	0	0	0	0	0	0	0	0	0	0	0	0	0	0	0	0	0	0	0	0	0	0	0	0	1	0	0
jlSCF_14	12294829	16894135	3	43,44,45	0	0	0	0	0	0	0	0	0	0	0	0	0	0	0	0	0	0	0	0	0	0	0	0	0	0	0	0	0	0	0	0	0	0	0	0	0	0	0	0	0	0	1	1	1	0	0	0	0	0	0	0	0	0	0	0	0	0	0	0	0	0	0	0	0
jlSCF_14	16894135	17759300	4	43,44,45,63	0	0	0	0	0	0	0	0	0	0	0	0	0	0	0	0	0	0	0	0	0	0	0	0	0	0	0	0	0	0	0	0	0	0	0	0	0	0	0	0	0	0	1	1	1	0	0	0	0	0	0	0	0	0	0	0	0	0	0	0	0	0	1	0	0
jlSCF_14	17759300	17948903	5	7,43,44,45,63	0	0	0	0	0	0	1	0	0	0	0	0	0	0	0	0	0	0	0	0	0	0	0	0	0	0	0	0	0	0	0	0	0	0	0	0	0	0	0	0	0	0	1	1	1	0	0	0	0	0	0	0	0	0	0	0	0	0	0	0	0	0	1	0	0
jlSCF_14	17948903	18047967	3	43,44,45	0	0	0	0	0	0	0	0	0	0	0	0	0	0	0	0	0	0	0	0	0	0	0	0	0	0	0	0	0	0	0	0	0	0	0	0	0	0	0	0	0	0	1	1	1	0	0	0	0	0	0	0	0	0	0	0	0	0	0	0	0	0	0	0	0
jlSCF_14	18554691	18577168	35	1,2,3,4,6,8,9,11,14,15,26,27,28,30,32,33,34,35,38,39,40,42,43,44,45,46,47,48,49,50,51,52,53,62,63	1	1	1	1	0	1	0	1	1	0	1	0	0	1	1	0	0	0	0	0	0	0	0	0	0	1	1	1	0	1	0	1	1	1	1	0	0	1	1	1	0	1	1	1	1	1	1	1	1	1	1	1	1	0	0	0	0	0	0	0	0	1	1	0	0
jlSCF_14	18577168	18791416	37	1,2,3,4,6,7,8,9,11,14,15,16,26,27,28,30,32,33,34,35,38,39,40,42,43,44,45,46,47,48,49,50,51,52,53,62,63	1	1	1	1	0	1	1	1	1	0	1	0	0	1	1	1	0	0	0	0	0	0	0	0	0	1	1	1	0	1	0	1	1	1	1	0	0	1	1	1	0	1	1	1	1	1	1	1	1	1	1	1	1	0	0	0	0	0	0	0	0	1	1	0	0
jlSCF_14	18791416	19002988	55	1,2,3,4,5,6,7,8,9,11,12,13,14,15,16,20,22,23,24,25,26,27,28,30,32,33,34,35,36,37,38,39,40,41,42,43,44,45,46,47,48,49,50,51,52,53,55,57,58,59,60,62,63,64,65	1	1	1	1	1	1	1	1	1	0	1	1	1	1	1	1	0	0	0	1	0	1	1	1	1	1	1	1	0	1	0	1	1	1	1	1	1	1	1	1	1	1	1	1	1	1	1	1	1	1	1	1	1	0	1	0	1	1	1	1	0	1	1	1	1
jlSCF_14	19906469	20099872	3	14,15,62	0	0	0	0	0	0	0	0	0	0	0	0	0	1	1	0	0	0	0	0	0	0	0	0	0	0	0	0	0	0	0	0	0	0	0	0	0	0	0	0	0	0	0	0	0	0	0	0	0	0	0	0	0	0	0	0	0	0	0	0	0	1	0	0	0
jlSCF_14	20099872	20244722	22	12,13,14,15,18,26,27,28,29,31,32,33,34,42,43,44,45,57,58,59,61,62	0	0	0	0	0	0	0	0	0	0	0	1	1	1	1	0	0	1	0	0	0	0	0	0	0	1	1	1	1	0	1	1	1	1	0	0	0	0	0	0	0	1	1	1	1	0	0	0	0	0	0	0	0	0	0	0	1	1	1	0	1	1	0	0	0
jlSCF_14	20244722	20273854	24	12,13,14,15,18,26,27,28,29,31,32,33,34,42,43,44,45,57,58,59,61,62,64,65	0	0	0	0	0	0	0	0	0	0	0	1	1	1	1	0	0	1	0	0	0	0	0	0	0	1	1	1	1	0	1	1	1	1	0	0	0	0	0	0	0	1	1	1	1	0	0	0	0	0	0	0	0	0	0	0	1	1	1	0	1	1	0	1	1
jlSCF_14	20273854	20380825	27	12,13,14,15,18,26,27,28,29,31,32,33,34,42,43,44,45,48,49,50,57,58,59,61,62,64,65	0	0	0	0	0	0	0	0	0	0	0	1	1	1	1	0	0	1	0	0	0	0	0	0	0	1	1	1	1	0	1	1	1	1	0	0	0	0	0	0	0	1	1	1	1	0	0	1	1	1	0	0	0	0	0	0	1	1	1	0	1	1	0	1	1
jlSCF_14	20380825	20445392	25	12,13,18,26,27,28,29,31,32,33,34,42,43,44,45,48,49,50,57,58,59,61,62,64,65	0	0	0	0	0	0	0	0	0	0	0	1	1	0	0	0	0	1	0	0	0	0	0	0	0	1	1	1	1	0	1	1	1	1	0	0	0	0	0	0	0	1	1	1	1	0	0	1	1	1	0	0	0	0	0	0	1	1	1	0	1	1	0	1	1
jlSCF_14	20445392	20527172	26	7,12,13,18,26,27,28,29,31,32,33,34,42,43,44,45,48,49,50,57,58,59,61,62,64,65	0	0	0	0	0	0	1	0	0	0	0	1	1	0	0	0	0	1	0	0	0	0	0	0	0	1	1	1	1	0	1	1	1	1	0	0	0	0	0	0	0	1	1	1	1	0	0	1	1	1	0	0	0	0	0	0	1	1	1	0	1	1	0	1	1
jlSCF_14	20527172	20553624	60	1,2,3,5,6,7,8,9,10,11,12,13,16,17,18,19,20,21,23,24,25,26,27,28,29,30,31,32,33,34,35,36,37,38,39,40,41,42,43,44,45,46,47,48,49,50,51,52,53,54,55,56,57,58,59,61,62,63,64,65	1	1	1	0	1	1	1	1	1	1	1	1	1	0	0	1	1	1	1	1	1	0	1	1	1	1	1	1	1	1	1	1	1	1	1	1	1	1	1	1	1	1	1	1	1	1	1	1	1	1	1	1	1	1	1	1	1	1	1	0	1	1	1	1	1
jlSCF_14	20553624	20586002	55	1,2,3,5,6,7,8,9,10,11,12,13,16,17,18,19,20,21,23,24,25,26,27,28,29,30,31,32,33,34,35,36,37,38,39,40,41,43,44,45,46,47,51,52,53,54,55,56,57,58,59,61,63,64,65	1	1	1	0	1	1	1	1	1	1	1	1	1	0	0	1	1	1	1	1	1	0	1	1	1	1	1	1	1	1	1	1	1	1	1	1	1	1	1	1	1	0	1	1	1	1	1	0	0	0	1	1	1	1	1	1	1	1	1	0	1	0	1	1	1
jlSCF_14	20586002	20599656	53	1,2,3,5,6,7,8,9,10,11,12,13,16,17,18,19,20,21,23,24,25,26,27,28,29,30,31,32,33,34,35,36,37,38,39,40,41,43,44,45,46,47,51,52,53,55,57,58,59,61,63,64,65	1	1	1	0	1	1	1	1	1	1	1	1	1	0	0	1	1	1	1	1	1	0	1	1	1	1	1	1	1	1	1	1	1	1	1	1	1	1	1	1	1	0	1	1	1	1	1	0	0	0	1	1	1	0	1	0	1	1	1	0	1	0	1	1	1
jlSCF_14	20599656	20626304	52	1,2,3,5,6,7,8,9,10,11,12,13,16,17,18,19,20,21,23,24,25,26,27,28,29,30,31,32,33,34,35,36,37,38,39,40,41,43,44,45,46,47,51,52,53,55,57,58,59,63,64,65	1	1	1	0	1	1	1	1	1	1	1	1	1	0	0	1	1	1	1	1	1	0	1	1	1	1	1	1	1	1	1	1	1	1	1	1	1	1	1	1	1	0	1	1	1	1	1	0	0	0	1	1	1	0	1	0	1	1	1	0	0	0	1	1	1
jlSCF_14	20898453	20914140	1	61	0	0	0	0	0	0	0	0	0	0	0	0	0	0	0	0	0	0	0	0	0	0	0	0	0	0	0	0	0	0	0	0	0	0	0	0	0	0	0	0	0	0	0	0	0	0	0	0	0	0	0	0	0	0	0	0	0	0	0	0	1	0	0	0	0
jlSCF_14	20914140	21036099	16	12,13,18,20,22,26,28,29,31,43,45,55,57,58,59,61	0	0	0	0	0	0	0	0	0	0	0	1	1	0	0	0	0	1	0	1	0	1	0	0	0	1	0	1	1	0	1	0	0	0	0	0	0	0	0	0	0	0	1	0	1	0	0	0	0	0	0	0	0	0	1	0	1	1	1	0	1	0	0	0	0
jlSCF_14	21036099	21142877	18	12,13,17,18,19,20,22,26,28,29,31,43,45,55,57,58,59,61	0	0	0	0	0	0	0	0	0	0	0	1	1	0	0	0	1	1	1	1	0	1	0	0	0	1	0	1	1	0	1	0	0	0	0	0	0	0	0	0	0	0	1	0	1	0	0	0	0	0	0	0	0	0	1	0	1	1	1	0	1	0	0	0	0
jlSCF_14	21142877	21366698	24	12,13,17,18,19,20,22,23,24,25,26,27,28,29,31,42,43,44,45,55,57,58,59,61	0	0	0	0	0	0	0	0	0	0	0	1	1	0	0	0	1	1	1	1	0	1	1	1	1	1	1	1	1	0	1	0	0	0	0	0	0	0	0	0	0	1	1	1	1	0	0	0	0	0	0	0	0	0	1	0	1	1	1	0	1	0	0	0	0
jlSCF_14	21366698	21448208	23	12,13,17,18,19,20,22,23,24,25,26,27,28,29,31,42,43,44,45,57,58,59,61	0	0	0	0	0	0	0	0	0	0	0	1	1	0	0	0	1	1	1	1	0	1	1	1	1	1	1	1	1	0	1	0	0	0	0	0	0	0	0	0	0	1	1	1	1	0	0	0	0	0	0	0	0	0	0	0	1	1	1	0	1	0	0	0	0
jlSCF_14	21448208	21570374	16	12,13,23,24,25,26,27,28,29,31,43,44,45,57,58,59	0	0	0	0	0	0	0	0	0	0	0	1	1	0	0	0	0	0	0	0	0	0	1	1	1	1	1	1	1	0	1	0	0	0	0	0	0	0	0	0	0	0	1	1	1	0	0	0	0	0	0	0	0	0	0	0	1	1	1	0	0	0	0	0	0
jlSCF_14	24470547	26954312	12	12,13,20,41,43,44,45,54,55,56,60,61	0	0	0	0	0	0	0	0	0	0	0	1	1	0	0	0	0	0	0	1	0	0	0	0	0	0	0	0	0	0	0	0	0	0	0	0	0	0	0	0	1	0	1	1	1	0	0	0	0	0	0	0	0	1	1	1	0	0	0	1	1	0	0	0	0
jlSCF_15	1944950	2038564	10	5,11,14,15,16,24,25,54,55,56	0	0	0	0	1	0	0	0	0	0	1	0	0	1	1	1	0	0	0	0	0	0	0	1	1	0	0	0	0	0	0	0	0	0	0	0	0	0	0	0	0	0	0	0	0	0	0	0	0	0	0	0	0	1	1	1	0	0	0	0	0	0	0	0	0
jlSCF_15	2321218	2555927	3	43,44,45	0	0	0	0	0	0	0	0	0	0	0	0	0	0	0	0	0	0	0	0	0	0	0	0	0	0	0	0	0	0	0	0	0	0	0	0	0	0	0	0	0	0	1	1	1	0	0	0	0	0	0	0	0	0	0	0	0	0	0	0	0	0	0	0	0
jlSCF_15	2555928	2566720	30	10,17,18,19,20,22,26,27,28,30,32,33,34,36,37,38,41,42,51,52,53,54,55,56,57,58,59,61,62,65	0	0	0	0	0	0	0	0	0	1	0	0	0	0	0	0	1	1	1	1	0	1	0	0	0	1	1	1	0	1	0	1	1	1	0	1	1	1	0	0	1	1	0	0	0	0	0	0	0	0	1	1	1	1	1	1	1	1	1	0	1	1	0	0	1
jlSCF_15	2566720	2617200	50	1,2,3,5,6,8,9,10,15,16,17,18,19,20,22,26,27,28,29,30,31,32,33,34,35,36,37,38,39,40,41,42,48,49,50,51,52,53,54,55,56,57,58,59,60,61,62,63,64,65	1	1	1	0	1	1	0	1	1	1	0	0	0	0	1	1	1	1	1	1	0	1	0	0	0	1	1	1	1	1	1	1	1	1	1	1	1	1	1	1	1	1	0	0	0	0	0	1	1	1	1	1	1	1	1	1	1	1	1	1	1	1	1	1	1
jlSCF_15	2617200	2700549	51	1,2,3,5,6,8,9,10,11,15,16,17,18,19,20,22,26,27,28,29,30,31,32,33,34,35,36,37,38,39,40,41,42,48,49,50,51,52,53,54,55,56,57,58,59,60,61,62,63,64,65	1	1	1	0	1	1	0	1	1	1	1	0	0	0	1	1	1	1	1	1	0	1	0	0	0	1	1	1	1	1	1	1	1	1	1	1	1	1	1	1	1	1	0	0	0	0	0	1	1	1	1	1	1	1	1	1	1	1	1	1	1	1	1	1	1
jlSCF_15	2700549	2823055	55	1,2,3,5,6,7,8,9,10,11,15,16,17,18,19,20,22,23,24,25,26,27,28,29,30,31,32,33,34,35,36,37,38,39,40,41,42,48,49,50,51,52,53,54,55,56,57,58,59,60,61,62,63,64,65	1	1	1	0	1	1	1	1	1	1	1	0	0	0	1	1	1	1	1	1	0	1	1	1	1	1	1	1	1	1	1	1	1	1	1	1	1	1	1	1	1	1	0	0	0	0	0	1	1	1	1	1	1	1	1	1	1	1	1	1	1	1	1	1	1
jlSCF_15	2823055	2910697	35	7,10,11,17,18,19,20,22,23,24,25,26,27,28,30,32,33,34,36,37,38,41,42,51,52,53,54,55,56,57,58,59,61,62,65	0	0	0	0	0	0	1	0	0	1	1	0	0	0	0	0	1	1	1	1	0	1	1	1	1	1	1	1	0	1	0	1	1	1	0	1	1	1	0	0	1	1	0	0	0	0	0	0	0	0	1	1	1	1	1	1	1	1	1	0	1	1	0	0	1
jlSCF_15	2910697	2963642	30	10,11,17,18,19,20,22,26,27,28,32,33,34,36,37,38,41,42,51,52,53,54,55,56,57,58,59,61,62,65	0	0	0	0	0	0	0	0	0	1	1	0	0	0	0	0	1	1	1	1	0	1	0	0	0	1	1	1	0	0	0	1	1	1	0	1	1	1	0	0	1	1	0	0	0	0	0	0	0	0	1	1	1	1	1	1	1	1	1	0	1	1	0	0	1
jlSCF_15	2963642	3035188	2	11,41	0	0	0	0	0	0	0	0	0	0	1	0	0	0	0	0	0	0	0	0	0	0	0	0	0	0	0	0	0	0	0	0	0	0	0	0	0	0	0	0	1	0	0	0	0	0	0	0	0	0	0	0	0	0	0	0	0	0	0	0	0	0	0	0	0
jlSCF_15	3035188	3062689	3	11,14,41	0	0	0	0	0	0	0	0	0	0	1	0	0	1	0	0	0	0	0	0	0	0	0	0	0	0	0	0	0	0	0	0	0	0	0	0	0	0	0	0	1	0	0	0	0	0	0	0	0	0	0	0	0	0	0	0	0	0	0	0	0	0	0	0	0
jlSCF_15	3200050	3230432	23	10,17,18,19,20,26,27,28,32,33,34,36,37,38,42,54,55,56,57,58,59,61,62	0	0	0	0	0	0	0	0	0	1	0	0	0	0	0	0	1	1	1	1	0	0	0	0	0	1	1	1	0	0	0	1	1	1	0	1	1	1	0	0	0	1	0	0	0	0	0	0	0	0	0	0	0	1	1	1	1	1	1	0	1	1	0	0	0
jlSCF_15	3230432	3332974	25	10,14,17,18,19,20,26,27,28,32,33,34,36,37,38,41,42,54,55,56,57,58,59,61,62	0	0	0	0	0	0	0	0	0	1	0	0	0	1	0	0	1	1	1	1	0	0	0	0	0	1	1	1	0	0	0	1	1	1	0	1	1	1	0	0	1	1	0	0	0	0	0	0	0	0	0	0	0	1	1	1	1	1	1	0	1	1	0	0	0
jlSCF_15	6782323	6863231	10	6,7,18,23,24,25,54,55,56,63	0	0	0	0	0	1	1	0	0	0	0	0	0	0	0	0	0	1	0	0	0	0	1	1	1	0	0	0	0	0	0	0	0	0	0	0	0	0	0	0	0	0	0	0	0	0	0	0	0	0	0	0	0	1	1	1	0	0	0	0	0	0	1	0	0
jlSCF_15	6863231	6898284	15	6,7,18,23,24,25,32,34,51,52,53,54,55,56,63	0	0	0	0	0	1	1	0	0	0	0	0	0	0	0	0	0	1	0	0	0	0	1	1	1	0	0	0	0	0	0	1	0	1	0	0	0	0	0	0	0	0	0	0	0	0	0	0	0	0	1	1	1	1	1	1	0	0	0	0	0	0	1	0	0
jlSCF_15	6898284	6985960	21	6,7,18,23,24,25,32,33,34,41,42,43,44,45,51,52,53,54,55,56,63	0	0	0	0	0	1	1	0	0	0	0	0	0	0	0	0	0	1	0	0	0	0	1	1	1	0	0	0	0	0	0	1	1	1	0	0	0	0	0	0	1	1	1	1	1	0	0	0	0	0	1	1	1	1	1	1	0	0	0	0	0	0	1	0	0
jlSCF_15	6985960	7054376	10	6,7,18,23,24,25,54,55,56,63	0	0	0	0	0	1	1	0	0	0	0	0	0	0	0	0	0	1	0	0	0	0	1	1	1	0	0	0	0	0	0	0	0	0	0	0	0	0	0	0	0	0	0	0	0	0	0	0	0	0	0	0	0	1	1	1	0	0	0	0	0	0	1	0	0
jlSCF_15	7054376	7136159	1	18	0	0	0	0	0	0	0	0	0	0	0	0	0	0	0	0	0	1	0	0	0	0	0	0	0	0	0	0	0	0	0	0	0	0	0	0	0	0	0	0	0	0	0	0	0	0	0	0	0	0	0	0	0	0	0	0	0	0	0	0	0	0	0	0	0
jlSCF_15	9041218	9124535	24	8,9,11,14,16,17,18,19,20,32,33,34,36,37,38,41,42,48,49,50,57,58,59,61	0	0	0	0	0	0	0	1	1	0	1	0	0	1	0	1	1	1	1	1	0	0	0	0	0	0	0	0	0	0	0	1	1	1	0	1	1	1	0	0	1	1	0	0	0	0	0	1	1	1	0	0	0	0	0	0	1	1	1	0	1	0	0	0	0
jlSCF_15	9124535	9138030	17	8,9,11,14,16,17,18,19,20,36,37,38,42,57,58,59,61	0	0	0	0	0	0	0	1	1	0	1	0	0	1	0	1	1	1	1	1	0	0	0	0	0	0	0	0	0	0	0	0	0	0	0	1	1	1	0	0	0	1	0	0	0	0	0	0	0	0	0	0	0	0	0	0	1	1	1	0	1	0	0	0	0
jlSCF_15	9138030	9146710	18	8,9,10,11,14,16,17,18,19,20,36,37,38,42,57,58,59,61	0	0	0	0	0	0	0	1	1	1	1	0	0	1	0	1	1	1	1	1	0	0	0	0	0	0	0	0	0	0	0	0	0	0	0	1	1	1	0	0	0	1	0	0	0	0	0	0	0	0	0	0	0	0	0	0	1	1	1	0	1	0	0	0	0
jlSCF_15	9146710	9293452	23	8,9,10,11,12,13,14,16,17,18,19,20,36,37,38,42,43,44,45,57,58,59,61	0	0	0	0	0	0	0	1	1	1	1	1	1	1	0	1	1	1	1	1	0	0	0	0	0	0	0	0	0	0	0	0	0	0	0	1	1	1	0	0	0	1	1	1	1	0	0	0	0	0	0	0	0	0	0	0	1	1	1	0	1	0	0	0	0
jlSCF_15	9293452	9358224	22	8,9,10,11,12,13,14,16,17,18,19,20,36,37,38,42,43,44,45,57,58,59	0	0	0	0	0	0	0	1	1	1	1	1	1	1	0	1	1	1	1	1	0	0	0	0	0	0	0	0	0	0	0	0	0	0	0	1	1	1	0	0	0	1	1	1	1	0	0	0	0	0	0	0	0	0	0	0	1	1	1	0	0	0	0	0	0
jlSCF_15	9358224	9513926	20	8,9,10,11,14,16,17,18,19,20,36,37,38,42,43,44,45,57,58,59	0	0	0	0	0	0	0	1	1	1	1	0	0	1	0	1	1	1	1	1	0	0	0	0	0	0	0	0	0	0	0	0	0	0	0	1	1	1	0	0	0	1	1	1	1	0	0	0	0	0	0	0	0	0	0	0	1	1	1	0	0	0	0	0	0
jlSCF_15	9513926	9533511	22	8,9,10,11,14,16,17,18,19,20,36,37,38,41,42,43,44,45,57,58,59,62	0	0	0	0	0	0	0	1	1	1	1	0	0	1	0	1	1	1	1	1	0	0	0	0	0	0	0	0	0	0	0	0	0	0	0	1	1	1	0	0	1	1	1	1	1	0	0	0	0	0	0	0	0	0	0	0	1	1	1	0	0	1	0	0	0
jlSCF_15	9533511	9551243	21	8,9,10,11,14,16,17,18,19,20,36,37,38,41,42,43,44,45,57,58,59	0	0	0	0	0	0	0	1	1	1	1	0	0	1	0	1	1	1	1	1	0	0	0	0	0	0	0	0	0	0	0	0	0	0	0	1	1	1	0	0	1	1	1	1	1	0	0	0	0	0	0	0	0	0	0	0	1	1	1	0	0	0	0	0	0
jlSCF_15	9551243	9567130	12	11,16,17,18,19,41,43,44,45,57,58,59	0	0	0	0	0	0	0	0	0	0	1	0	0	0	0	1	1	1	1	0	0	0	0	0	0	0	0	0	0	0	0	0	0	0	0	0	0	0	0	0	1	0	1	1	1	0	0	0	0	0	0	0	0	0	0	0	1	1	1	0	0	0	0	0	0
jlSCF_15	9567130	9591824	11	11,16,17,18,19,43,44,45,57,58,59	0	0	0	0	0	0	0	0	0	0	1	0	0	0	0	1	1	1	1	0	0	0	0	0	0	0	0	0	0	0	0	0	0	0	0	0	0	0	0	0	0	0	1	1	1	0	0	0	0	0	0	0	0	0	0	0	1	1	1	0	0	0	0	0	0
jlSCF_15	9591824	9604338	3	43,44,45	0	0	0	0	0	0	0	0	0	0	0	0	0	0	0	0	0	0	0	0	0	0	0	0	0	0	0	0	0	0	0	0	0	0	0	0	0	0	0	0	0	0	1	1	1	0	0	0	0	0	0	0	0	0	0	0	0	0	0	0	0	0	0	0	0
jlSCF_15	10025179	10092283	3	43,44,45	0	0	0	0	0	0	0	0	0	0	0	0	0	0	0	0	0	0	0	0	0	0	0	0	0	0	0	0	0	0	0	0	0	0	0	0	0	0	0	0	0	0	1	1	1	0	0	0	0	0	0	0	0	0	0	0	0	0	0	0	0	0	0	0	0
jlSCF_15	10825656	10860006	2	54,56	0	0	0	0	0	0	0	0	0	0	0	0	0	0	0	0	0	0	0	0	0	0	0	0	0	0	0	0	0	0	0	0	0	0	0	0	0	0	0	0	0	0	0	0	0	0	0	0	0	0	0	0	0	1	0	1	0	0	0	0	0	0	0	0	0
jlSCF_15	10860006	11052849	4	12,13,54,56	0	0	0	0	0	0	0	0	0	0	0	1	1	0	0	0	0	0	0	0	0	0	0	0	0	0	0	0	0	0	0	0	0	0	0	0	0	0	0	0	0	0	0	0	0	0	0	0	0	0	0	0	0	1	0	1	0	0	0	0	0	0	0	0	0
jlSCF_15	11052849	11221295	63	1,2,3,4,5,6,7,8,9,10,11,12,13,14,15,16,17,18,19,20,21,22,23,24,25,26,27,28,29,30,31,32,33,34,35,36,37,38,39,40,41,42,43,44,45,46,47,48,49,50,51,52,53,54,55,56,57,58,59,60,62,64,65	1	1	1	1	1	1	1	1	1	1	1	1	1	1	1	1	1	1	1	1	1	1	1	1	1	1	1	1	1	1	1	1	1	1	1	1	1	1	1	1	1	1	1	1	1	1	1	1	1	1	1	1	1	1	1	1	1	1	1	1	0	1	0	1	1
jlSCF_15	11221295	11465955	62	1,2,3,4,5,6,7,8,9,11,12,13,14,15,16,17,18,19,20,21,22,23,24,25,26,27,28,29,30,31,32,33,34,35,36,37,38,39,40,41,42,43,44,45,46,47,48,49,50,51,52,53,54,55,56,57,58,59,60,62,64,65	1	1	1	1	1	1	1	1	1	0	1	1	1	1	1	1	1	1	1	1	1	1	1	1	1	1	1	1	1	1	1	1	1	1	1	1	1	1	1	1	1	1	1	1	1	1	1	1	1	1	1	1	1	1	1	1	1	1	1	1	0	1	0	1	1
jlSCF_15	11465955	11530285	52	1,2,3,4,5,6,7,8,9,11,16,17,18,19,20,21,23,24,25,26,27,28,29,30,31,32,33,34,35,36,37,38,39,40,41,42,46,47,48,49,50,51,52,53,55,57,58,59,60,62,64,65	1	1	1	1	1	1	1	1	1	0	1	0	0	0	0	1	1	1	1	1	1	0	1	1	1	1	1	1	1	1	1	1	1	1	1	1	1	1	1	1	1	1	0	0	0	1	1	1	1	1	1	1	1	0	1	0	1	1	1	1	0	1	0	1	1
jlSCF_15	11530285	11767603	51	1,2,3,4,5,6,7,8,9,11,16,17,18,19,20,21,23,24,25,26,27,28,30,31,32,33,34,35,36,37,38,39,40,41,42,46,47,48,49,50,51,52,53,55,57,58,59,60,62,64,65	1	1	1	1	1	1	1	1	1	0	1	0	0	0	0	1	1	1	1	1	1	0	1	1	1	1	1	1	0	1	1	1	1	1	1	1	1	1	1	1	1	1	0	0	0	1	1	1	1	1	1	1	1	0	1	0	1	1	1	1	0	1	0	1	1
jlSCF_15	11767603	11779445	53	1,2,3,4,5,6,7,8,9,11,15,16,17,18,19,20,21,22,23,24,25,26,27,28,30,31,32,33,34,35,36,37,38,39,40,41,42,46,47,48,49,50,51,52,53,55,57,58,59,60,62,64,65	1	1	1	1	1	1	1	1	1	0	1	0	0	0	1	1	1	1	1	1	1	1	1	1	1	1	1	1	0	1	1	1	1	1	1	1	1	1	1	1	1	1	0	0	0	1	1	1	1	1	1	1	1	0	1	0	1	1	1	1	0	1	0	1	1
jlSCF_15	11779445	11854742	60	1,2,3,4,5,6,7,8,9,11,12,13,14,15,16,17,18,19,20,21,22,23,24,25,26,27,28,29,30,31,32,33,34,35,36,37,38,39,40,41,42,46,47,48,49,50,51,52,53,54,55,56,57,58,59,60,61,62,64,65	1	1	1	1	1	1	1	1	1	0	1	1	1	1	1	1	1	1	1	1	1	1	1	1	1	1	1	1	1	1	1	1	1	1	1	1	1	1	1	1	1	1	0	0	0	1	1	1	1	1	1	1	1	1	1	1	1	1	1	1	1	1	0	1	1
jlSCF_15	11854742	11879958	8	16,31,51,52,53,55,62,65	0	0	0	0	0	0	0	0	0	0	0	0	0	0	0	1	0	0	0	0	0	0	0	0	0	0	0	0	0	0	1	0	0	0	0	0	0	0	0	0	0	0	0	0	0	0	0	0	0	0	1	1	1	0	1	0	0	0	0	0	0	1	0	0	1
jlSCF_15	11964562	12244284	1	16	0	0	0	0	0	0	0	0	0	0	0	0	0	0	0	1	0	0	0	0	0	0	0	0	0	0	0	0	0	0	0	0	0	0	0	0	0	0	0	0	0	0	0	0	0	0	0	0	0	0	0	0	0	0	0	0	0	0	0	0	0	0	0	0	0
jlSCF_15	12244284	12578584	54	1,2,3,4,5,6,7,8,9,11,12,13,14,16,17,18,19,20,21,22,23,24,25,26,27,28,30,32,33,34,35,36,37,38,39,40,41,42,43,44,45,46,47,48,49,50,54,56,57,58,59,60,61,64	1	1	1	1	1	1	1	1	1	0	1	1	1	1	0	1	1	1	1	1	1	1	1	1	1	1	1	1	0	1	0	1	1	1	1	1	1	1	1	1	1	1	1	1	1	1	1	1	1	1	0	0	0	1	0	1	1	1	1	1	1	0	0	1	0
jlSCF_15	18438651	18527681	12	20,31,51,52,53,54,55,56,57,58,59,65	0	0	0	0	0	0	0	0	0	0	0	0	0	0	0	0	0	0	0	1	0	0	0	0	0	0	0	0	0	0	1	0	0	0	0	0	0	0	0	0	0	0	0	0	0	0	0	0	0	0	1	1	1	1	1	1	1	1	1	0	0	0	0	0	1
jlSCF_15	18527681	18634940	4	20,51,52,53	0	0	0	0	0	0	0	0	0	0	0	0	0	0	0	0	0	0	0	1	0	0	0	0	0	0	0	0	0	0	0	0	0	0	0	0	0	0	0	0	0	0	0	0	0	0	0	0	0	0	1	1	1	0	0	0	0	0	0	0	0	0	0	0	0
jlSCF_15	19193811	19257927	2	12,13	0	0	0	0	0	0	0	0	0	0	0	1	1	0	0	0	0	0	0	0	0	0	0	0	0	0	0	0	0	0	0	0	0	0	0	0	0	0	0	0	0	0	0	0	0	0	0	0	0	0	0	0	0	0	0	0	0	0	0	0	0	0	0	0	0
jlSCF_15	19356172	19402780	12	17,18,19,30,32,33,34,35,39,40,55,60	0	0	0	0	0	0	0	0	0	0	0	0	0	0	0	0	1	1	1	0	0	0	0	0	0	0	0	0	0	1	0	1	1	1	1	0	0	0	1	1	0	0	0	0	0	0	0	0	0	0	0	0	0	0	1	0	0	0	0	1	0	0	0	0	0
jlSCF_15	19402780	19472278	18	17,18,19,23,24,25,30,32,33,34,35,39,40,51,52,53,55,60	0	0	0	0	0	0	0	0	0	0	0	0	0	0	0	0	1	1	1	0	0	0	1	1	1	0	0	0	0	1	0	1	1	1	1	0	0	0	1	1	0	0	0	0	0	0	0	0	0	0	1	1	1	0	1	0	0	0	0	1	0	0	0	0	0
jlSCF_15	19472278	19472279	15	17,18,19,23,24,25,30,35,39,40,51,52,53,55,60	0	0	0	0	0	0	0	0	0	0	0	0	0	0	0	0	1	1	1	0	0	0	1	1	1	0	0	0	0	1	0	0	0	0	1	0	0	0	1	1	0	0	0	0	0	0	0	0	0	0	1	1	1	0	1	0	0	0	0	1	0	0	0	0	0
jlSCF_15	19472279	19725933	19	6,17,18,19,23,24,25,30,35,39,40,48,49,50,51,52,53,55,60	0	0	0	0	0	1	0	0	0	0	0	0	0	0	0	0	1	1	1	0	0	0	1	1	1	0	0	0	0	1	0	0	0	0	1	0	0	0	1	1	0	0	0	0	0	0	0	1	1	1	1	1	1	0	1	0	0	0	0	1	0	0	0	0	0
jlSCF_15	19725933	19812022	20	6,17,18,19,23,24,25,30,35,39,40,41,48,49,50,51,52,53,55,60	0	0	0	0	0	1	0	0	0	0	0	0	0	0	0	0	1	1	1	0	0	0	1	1	1	0	0	0	0	1	0	0	0	0	1	0	0	0	1	1	1	0	0	0	0	0	0	1	1	1	1	1	1	0	1	0	0	0	0	1	0	0	0	0	0
jlSCF_15	19812022	19812023	19	6,17,18,19,23,24,25,30,35,39,40,48,49,50,51,52,53,55,60	0	0	0	0	0	1	0	0	0	0	0	0	0	0	0	0	1	1	1	0	0	0	1	1	1	0	0	0	0	1	0	0	0	0	1	0	0	0	1	1	0	0	0	0	0	0	0	1	1	1	1	1	1	0	1	0	0	0	0	1	0	0	0	0	0
jlSCF_15	19812023	19877454	38	6,16,17,18,19,21,23,24,25,30,31,32,33,34,35,36,37,38,39,40,42,46,47,48,49,50,51,52,53,54,55,56,57,58,59,60,61,62	0	0	0	0	0	1	0	0	0	0	0	0	0	0	0	1	1	1	1	0	1	0	1	1	1	0	0	0	0	1	1	1	1	1	1	1	1	1	1	1	0	1	0	0	0	1	1	1	1	1	1	1	1	1	1	1	1	1	1	1	1	1	0	0	0
jlSCF_15	19877454	19890742	40	6,16,17,18,19,21,23,24,25,29,30,31,32,33,34,35,36,37,38,39,40,42,46,47,48,49,50,51,52,53,54,55,56,57,58,59,60,61,62,64	0	0	0	0	0	1	0	0	0	0	0	0	0	0	0	1	1	1	1	0	1	0	1	1	1	0	0	0	1	1	1	1	1	1	1	1	1	1	1	1	0	1	0	0	0	1	1	1	1	1	1	1	1	1	1	1	1	1	1	1	1	1	0	1	0
jlSCF_15	19890742	20007435	36	6,16,17,18,19,21,23,24,25,29,31,32,33,34,35,36,37,38,39,40,42,46,47,48,49,50,54,55,56,57,58,59,60,61,62,64	0	0	0	0	0	1	0	0	0	0	0	0	0	0	0	1	1	1	1	0	1	0	1	1	1	0	0	0	1	0	1	1	1	1	1	1	1	1	1	1	0	1	0	0	0	1	1	1	1	1	0	0	0	1	1	1	1	1	1	1	1	1	0	1	0
jlSCF_15	20007435	20058777	39	6,16,17,18,19,21,23,24,25,29,31,32,33,34,35,36,37,38,39,40,42,43,44,45,46,47,48,49,50,54,55,56,57,58,59,60,61,62,64	0	0	0	0	0	1	0	0	0	0	0	0	0	0	0	1	1	1	1	0	1	0	1	1	1	0	0	0	1	0	1	1	1	1	1	1	1	1	1	1	0	1	1	1	1	1	1	1	1	1	0	0	0	1	1	1	1	1	1	1	1	1	0	1	0
jlSCF_15	20058777	20094798	43	1,2,3,6,16,17,18,19,21,23,24,25,29,31,32,33,34,35,36,37,38,39,40,41,42,43,44,45,46,47,48,49,50,54,55,56,57,58,59,60,61,62,64	1	1	1	0	0	1	0	0	0	0	0	0	0	0	0	1	1	1	1	0	1	0	1	1	1	0	0	0	1	0	1	1	1	1	1	1	1	1	1	1	1	1	1	1	1	1	1	1	1	1	0	0	0	1	1	1	1	1	1	1	1	1	0	1	0
jlSCF_15	20094798	20202704	65	1,2,3,4,5,6,7,8,9,10,11,12,13,14,15,16,17,18,19,20,21,22,23,24,25,26,27,28,29,30,31,32,33,34,35,36,37,38,39,40,41,42,43,44,45,46,47,48,49,50,51,52,53,54,55,56,57,58,59,60,61,62,63,64,65	1	1	1	1	1	1	1	1	1	1	1	1	1	1	1	1	1	1	1	1	1	1	1	1	1	1	1	1	1	1	1	1	1	1	1	1	1	1	1	1	1	1	1	1	1	1	1	1	1	1	1	1	1	1	1	1	1	1	1	1	1	1	1	1	1
jlSCF_15	20202704	20234767	27	1,2,3,17,18,19,23,24,25,29,31,35,36,37,38,39,40,41,43,44,45,54,56,57,58,59,60	1	1	1	0	0	0	0	0	0	0	0	0	0	0	0	0	1	1	1	0	0	0	1	1	1	0	0	0	1	0	1	0	0	0	1	1	1	1	1	1	1	0	1	1	1	0	0	0	0	0	0	0	0	1	0	1	1	1	1	1	0	0	0	0	0
jlSCF_15	20234767	20255071	26	1,2,3,17,18,19,23,24,25,29,31,35,36,37,38,39,40,41,43,44,45,54,56,57,58,59	1	1	1	0	0	0	0	0	0	0	0	0	0	0	0	0	1	1	1	0	0	0	1	1	1	0	0	0	1	0	1	0	0	0	1	1	1	1	1	1	1	0	1	1	1	0	0	0	0	0	0	0	0	1	0	1	1	1	1	0	0	0	0	0	0
jlSCF_15	20255071	20291574	23	1,2,3,17,18,19,23,24,25,29,31,35,36,37,38,39,40,41,54,56,57,58,59	1	1	1	0	0	0	0	0	0	0	0	0	0	0	0	0	1	1	1	0	0	0	1	1	1	0	0	0	1	0	1	0	0	0	1	1	1	1	1	1	1	0	0	0	0	0	0	0	0	0	0	0	0	1	0	1	1	1	1	0	0	0	0	0	0
jlSCF_15	20291574	20392987	19	1,2,3,17,18,19,23,24,25,29,31,35,36,37,38,39,40,54,56	1	1	1	0	0	0	0	0	0	0	0	0	0	0	0	0	1	1	1	0	0	0	1	1	1	0	0	0	1	0	1	0	0	0	1	1	1	1	1	1	0	0	0	0	0	0	0	0	0	0	0	0	0	1	0	1	0	0	0	0	0	0	0	0	0
jlSCF_15	20392987	20392988	3	1,2,3	1	1	1	0	0	0	0	0	0	0	0	0	0	0	0	0	0	0	0	0	0	0	0	0	0	0	0	0	0	0	0	0	0	0	0	0	0	0	0	0	0	0	0	0	0	0	0	0	0	0	0	0	0	0	0	0	0	0	0	0	0	0	0	0	0
jlSCF_15	20392988	20438408	8	1,2,3,8,9,51,52,53	1	1	1	0	0	0	0	1	1	0	0	0	0	0	0	0	0	0	0	0	0	0	0	0	0	0	0	0	0	0	0	0	0	0	0	0	0	0	0	0	0	0	0	0	0	0	0	0	0	0	1	1	1	0	0	0	0	0	0	0	0	0	0	0	0
jlSCF_15	20438408	20447249	12	1,2,3,8,9,12,13,43,44,51,52,53	1	1	1	0	0	0	0	1	1	0	0	1	1	0	0	0	0	0	0	0	0	0	0	0	0	0	0	0	0	0	0	0	0	0	0	0	0	0	0	0	0	0	1	1	0	0	0	0	0	0	1	1	1	0	0	0	0	0	0	0	0	0	0	0	0
jlSCF_15	20447249	20447250	9	8,9,12,13,43,44,51,52,53	0	0	0	0	0	0	0	1	1	0	0	1	1	0	0	0	0	0	0	0	0	0	0	0	0	0	0	0	0	0	0	0	0	0	0	0	0	0	0	0	0	0	1	1	0	0	0	0	0	0	1	1	1	0	0	0	0	0	0	0	0	0	0	0	0
jlSCF_15	20447250	20460058	10	8,9,12,13,43,44,45,51,52,53	0	0	0	0	0	0	0	1	1	0	0	1	1	0	0	0	0	0	0	0	0	0	0	0	0	0	0	0	0	0	0	0	0	0	0	0	0	0	0	0	0	0	1	1	1	0	0	0	0	0	1	1	1	0	0	0	0	0	0	0	0	0	0	0	0
jlSCF_15	20460058	20492608	8	8,9,43,44,45,51,52,53	0	0	0	0	0	0	0	1	1	0	0	0	0	0	0	0	0	0	0	0	0	0	0	0	0	0	0	0	0	0	0	0	0	0	0	0	0	0	0	0	0	0	1	1	1	0	0	0	0	0	1	1	1	0	0	0	0	0	0	0	0	0	0	0	0
jlSCF_15	20492608	20541211	3	43,44,45	0	0	0	0	0	0	0	0	0	0	0	0	0	0	0	0	0	0	0	0	0	0	0	0	0	0	0	0	0	0	0	0	0	0	0	0	0	0	0	0	0	0	1	1	1	0	0	0	0	0	0	0	0	0	0	0	0	0	0	0	0	0	0	0	0
jlSCF_15	20685798	20874639	33	1,2,3,6,17,18,19,20,22,23,24,25,29,31,32,33,34,35,36,37,38,39,40,41,48,49,50,54,55,56,61,63,64	1	1	1	0	0	1	0	0	0	0	0	0	0	0	0	0	1	1	1	1	0	1	1	1	1	0	0	0	1	0	1	1	1	1	1	1	1	1	1	1	1	0	0	0	0	0	0	1	1	1	0	0	0	1	1	1	0	0	0	0	1	0	1	1	0
jlSCF_15	20874639	20883536	46	1,2,3,6,8,9,12,13,15,16,17,18,19,20,21,22,23,24,25,26,27,28,29,31,32,33,34,35,36,37,38,39,40,41,46,47,48,49,50,54,55,56,61,62,63,64	1	1	1	0	0	1	0	1	1	0	0	1	1	0	1	1	1	1	1	1	1	1	1	1	1	1	1	1	1	0	1	1	1	1	1	1	1	1	1	1	1	0	0	0	0	1	1	1	1	1	0	0	0	1	1	1	0	0	0	0	1	1	1	1	0
jlSCF_15	20883536	20900128	49	1,2,3,6,8,9,12,13,15,16,17,18,19,20,21,22,23,24,25,26,27,28,29,31,32,33,34,35,36,37,38,39,40,41,43,44,45,46,47,48,49,50,54,55,56,61,62,63,64	1	1	1	0	0	1	0	1	1	0	0	1	1	0	1	1	1	1	1	1	1	1	1	1	1	1	1	1	1	0	1	1	1	1	1	1	1	1	1	1	1	0	1	1	1	1	1	1	1	1	0	0	0	1	1	1	0	0	0	0	1	1	1	1	0
jlSCF_15	20900128	20940067	48	1,2,3,6,8,9,12,13,15,16,17,18,19,20,21,22,23,24,25,26,27,28,29,31,32,33,34,35,36,37,38,39,40,41,43,44,45,46,47,48,49,50,54,56,61,62,63,64	1	1	1	0	0	1	0	1	1	0	0	1	1	0	1	1	1	1	1	1	1	1	1	1	1	1	1	1	1	0	1	1	1	1	1	1	1	1	1	1	1	0	1	1	1	1	1	1	1	1	0	0	0	1	0	1	0	0	0	0	1	1	1	1	0
jlSCF_15	20940067	20944480	45	1,2,3,6,8,9,12,13,15,16,17,18,19,20,21,22,23,24,25,26,27,28,29,31,32,33,34,35,36,37,38,39,40,41,46,47,48,49,50,54,56,61,62,63,64	1	1	1	0	0	1	0	1	1	0	0	1	1	0	1	1	1	1	1	1	1	1	1	1	1	1	1	1	1	0	1	1	1	1	1	1	1	1	1	1	1	0	0	0	0	1	1	1	1	1	0	0	0	1	0	1	0	0	0	0	1	1	1	1	0
jlSCF_15	20944480	21002902	16	8,9,12,13,15,16,21,26,27,28,36,37,38,46,47,62	0	0	0	0	0	0	0	1	1	0	0	1	1	0	1	1	0	0	0	0	1	0	0	0	0	1	1	1	0	0	0	0	0	0	0	1	1	1	0	0	0	0	0	0	0	1	1	0	0	0	0	0	0	0	0	0	0	0	0	0	0	1	0	0	0
jlSCF_15	21508701	21675184	16	6,14,20,22,26,27,28,36,37,38,51,52,53,54,56,61	0	0	0	0	0	1	0	0	0	0	0	0	0	1	0	0	0	0	0	1	0	1	0	0	0	1	1	1	0	0	0	0	0	0	0	1	1	1	0	0	0	0	0	0	0	0	0	0	0	0	1	1	1	1	0	1	0	0	0	0	1	0	0	0	0
jlSCF_15	21675184	21705225	17	6,14,20,22,26,27,28,36,37,38,51,52,53,54,56,61,63	0	0	0	0	0	1	0	0	0	0	0	0	0	1	0	0	0	0	0	1	0	1	0	0	0	1	1	1	0	0	0	0	0	0	0	1	1	1	0	0	0	0	0	0	0	0	0	0	0	0	1	1	1	1	0	1	0	0	0	0	1	0	1	0	0
jlSCF_15	21705225	21737633	65	1,2,3,4,5,6,7,8,9,10,11,12,13,14,15,16,17,18,19,20,21,22,23,24,25,26,27,28,29,30,31,32,33,34,35,36,37,38,39,40,41,42,43,44,45,46,47,48,49,50,51,52,53,54,55,56,57,58,59,60,61,62,63,64,65	1	1	1	1	1	1	1	1	1	1	1	1	1	1	1	1	1	1	1	1	1	1	1	1	1	1	1	1	1	1	1	1	1	1	1	1	1	1	1	1	1	1	1	1	1	1	1	1	1	1	1	1	1	1	1	1	1	1	1	1	1	1	1	1	1
jlSCF_16	0	125419	65	1,2,3,4,5,6,7,8,9,10,11,12,13,14,15,16,17,18,19,20,21,22,23,24,25,26,27,28,29,30,31,32,33,34,35,36,37,38,39,40,41,42,43,44,45,46,47,48,49,50,51,52,53,54,55,56,57,58,59,60,61,62,63,64,65	1	1	1	1	1	1	1	1	1	1	1	1	1	1	1	1	1	1	1	1	1	1	1	1	1	1	1	1	1	1	1	1	1	1	1	1	1	1	1	1	1	1	1	1	1	1	1	1	1	1	1	1	1	1	1	1	1	1	1	1	1	1	1	1	1
jlSCF_16	125419	138043	24	1,2,7,10,11,14,15,20,21,23,24,25,26,27,28,32,33,34,48,49,50,57,58,59	1	1	0	0	0	0	1	0	0	1	1	0	0	1	1	0	0	0	0	1	1	0	1	1	1	1	1	1	0	0	0	1	1	1	0	0	0	0	0	0	0	0	0	0	0	0	0	1	1	1	0	0	0	0	0	0	1	1	1	0	0	0	0	0	0
jlSCF_16	138043	225201	3	48,49,50	0	0	0	0	0	0	0	0	0	0	0	0	0	0	0	0	0	0	0	0	0	0	0	0	0	0	0	0	0	0	0	0	0	0	0	0	0	0	0	0	0	0	0	0	0	0	0	1	1	1	0	0	0	0	0	0	0	0	0	0	0	0	0	0	0
jlSCF_16	623217	744532	16	1,2,10,14,15,20,23,24,25,26,27,28,30,57,58,59	1	1	0	0	0	0	0	0	0	1	0	0	0	1	1	0	0	0	0	1	0	0	1	1	1	1	1	1	0	1	0	0	0	0	0	0	0	0	0	0	0	0	0	0	0	0	0	0	0	0	0	0	0	0	0	0	1	1	1	0	0	0	0	0	0
jlSCF_16	744532	825116	25	1,2,7,10,11,14,15,20,21,23,24,25,26,27,28,30,35,39,40,46,47,57,58,59,61	1	1	0	0	0	0	1	0	0	1	1	0	0	1	1	0	0	0	0	1	1	0	1	1	1	1	1	1	0	1	0	0	0	0	1	0	0	0	1	1	0	0	0	0	0	1	1	0	0	0	0	0	0	0	0	0	1	1	1	0	1	0	0	0	0
jlSCF_16	825116	922370	24	1,2,7,10,11,14,15,21,23,24,25,26,27,28,30,35,39,40,46,47,57,58,59,61	1	1	0	0	0	0	1	0	0	1	1	0	0	1	1	0	0	0	0	0	1	0	1	1	1	1	1	1	0	1	0	0	0	0	1	0	0	0	1	1	0	0	0	0	0	1	1	0	0	0	0	0	0	0	0	0	1	1	1	0	1	0	0	0	0
jlSCF_16	922370	974992	32	1,2,7,8,9,10,11,14,15,17,19,21,23,24,25,26,27,28,30,35,39,40,41,46,47,51,52,53,57,58,59,61	1	1	0	0	0	0	1	1	1	1	1	0	0	1	1	0	1	0	1	0	1	0	1	1	1	1	1	1	0	1	0	0	0	0	1	0	0	0	1	1	1	0	0	0	0	1	1	0	0	0	1	1	1	0	0	0	1	1	1	0	1	0	0	0	0
jlSCF_16	974992	983691	40	1,2,7,8,9,10,11,12,13,14,15,17,19,21,23,24,25,26,27,28,30,35,39,40,41,43,44,45,46,47,51,52,53,54,55,56,57,58,59,61	1	1	0	0	0	0	1	1	1	1	1	1	1	1	1	0	1	0	1	0	1	0	1	1	1	1	1	1	0	1	0	0	0	0	1	0	0	0	1	1	1	0	1	1	1	1	1	0	0	0	1	1	1	1	1	1	1	1	1	0	1	0	0	0	0
jlSCF_16	983691	1015232	42	1,2,3,7,8,9,10,11,12,13,14,15,17,19,21,23,24,25,26,27,28,30,35,39,40,41,43,44,45,46,47,51,52,53,54,55,56,57,58,59,60,61	1	1	1	0	0	0	1	1	1	1	1	1	1	1	1	0	1	0	1	0	1	0	1	1	1	1	1	1	0	1	0	0	0	0	1	0	0	0	1	1	1	0	1	1	1	1	1	0	0	0	1	1	1	1	1	1	1	1	1	1	1	0	0	0	0
jlSCF_16	1015232	1127400	49	1,2,3,6,7,8,9,10,11,12,13,14,15,17,18,19,21,23,24,25,26,27,28,30,35,39,40,41,42,43,44,45,46,47,48,49,50,51,52,53,54,55,56,57,58,59,60,61,62	1	1	1	0	0	1	1	1	1	1	1	1	1	1	1	0	1	1	1	0	1	0	1	1	1	1	1	1	0	1	0	0	0	0	1	0	0	0	1	1	1	1	1	1	1	1	1	1	1	1	1	1	1	1	1	1	1	1	1	1	1	1	0	0	0
jlSCF_16	1127400	1227747	21	3,6,12,13,17,18,19,41,42,43,44,45,51,52,53,54,56,57,58,59,60	0	0	1	0	0	1	0	0	0	0	0	1	1	0	0	0	1	1	1	0	0	0	0	0	0	0	0	0	0	0	0	0	0	0	0	0	0	0	0	0	1	1	1	1	1	0	0	0	0	0	1	1	1	1	0	1	1	1	1	1	0	0	0	0	0
jlSCF_16	1227747	1400240	45	1,2,3,6,7,8,9,10,11,12,13,14,15,17,18,19,21,23,24,25,26,27,28,29,31,35,39,40,41,42,43,44,45,51,52,53,54,55,56,57,58,59,60,61,62	1	1	1	0	0	1	1	1	1	1	1	1	1	1	1	0	1	1	1	0	1	0	1	1	1	1	1	1	1	0	1	0	0	0	1	0	0	0	1	1	1	1	1	1	1	0	0	0	0	0	1	1	1	1	1	1	1	1	1	1	1	1	0	0	0
jlSCF_16	1400240	1460875	43	1,2,3,6,7,8,9,10,11,12,13,14,15,17,18,19,21,23,24,25,26,27,28,29,31,35,39,40,41,42,43,44,45,51,52,53,55,57,58,59,60,61,62	1	1	1	0	0	1	1	1	1	1	1	1	1	1	1	0	1	1	1	0	1	0	1	1	1	1	1	1	1	0	1	0	0	0	1	0	0	0	1	1	1	1	1	1	1	0	0	0	0	0	1	1	1	0	1	0	1	1	1	1	1	1	0	0	0
jlSCF_16	1460875	1486403	24	1,2,7,10,11,14,15,21,23,24,25,26,27,28,29,31,35,39,40,55,57,58,59,61	1	1	0	0	0	0	1	0	0	1	1	0	0	1	1	0	0	0	0	0	1	0	1	1	1	1	1	1	1	0	1	0	0	0	1	0	0	0	1	1	0	0	0	0	0	0	0	0	0	0	0	0	0	0	1	0	1	1	1	0	1	0	0	0	0
jlSCF_16	1486403	1496268	26	1,2,7,10,11,14,15,21,23,24,25,26,27,28,29,31,35,39,40,46,47,55,57,58,59,61	1	1	0	0	0	0	1	0	0	1	1	0	0	1	1	0	0	0	0	0	1	0	1	1	1	1	1	1	1	0	1	0	0	0	1	0	0	0	1	1	0	0	0	0	0	1	1	0	0	0	0	0	0	0	1	0	1	1	1	0	1	0	0	0	0
jlSCF_16	1496268	1785142	23	1,2,7,10,11,14,15,21,23,24,25,26,27,28,29,31,35,39,40,46,47,55,61	1	1	0	0	0	0	1	0	0	1	1	0	0	1	1	0	0	0	0	0	1	0	1	1	1	1	1	1	1	0	1	0	0	0	1	0	0	0	1	1	0	0	0	0	0	1	1	0	0	0	0	0	0	0	1	0	0	0	0	0	1	0	0	0	0
jlSCF_16	2718567	2865586	2	44,45	0	0	0	0	0	0	0	0	0	0	0	0	0	0	0	0	0	0	0	0	0	0	0	0	0	0	0	0	0	0	0	0	0	0	0	0	0	0	0	0	0	0	0	1	1	0	0	0	0	0	0	0	0	0	0	0	0	0	0	0	0	0	0	0	0
jlSCF_16	2865586	2994899	6	4,5,20,43,44,45	0	0	0	1	1	0	0	0	0	0	0	0	0	0	0	0	0	0	0	1	0	0	0	0	0	0	0	0	0	0	0	0	0	0	0	0	0	0	0	0	0	0	1	1	1	0	0	0	0	0	0	0	0	0	0	0	0	0	0	0	0	0	0	0	0
jlSCF_16	2994899	3175212	4	20,43,44,45	0	0	0	0	0	0	0	0	0	0	0	0	0	0	0	0	0	0	0	1	0	0	0	0	0	0	0	0	0	0	0	0	0	0	0	0	0	0	0	0	0	0	1	1	1	0	0	0	0	0	0	0	0	0	0	0	0	0	0	0	0	0	0	0	0
jlSCF_16	3175212	3444847	12	1,2,3,20,26,27,32,33,34,43,44,45	1	1	1	0	0	0	0	0	0	0	0	0	0	0	0	0	0	0	0	1	0	0	0	0	0	1	1	0	0	0	0	1	1	1	0	0	0	0	0	0	0	0	1	1	1	0	0	0	0	0	0	0	0	0	0	0	0	0	0	0	0	0	0	0	0
jlSCF_16	3444847	8620914	3	43,44,45	0	0	0	0	0	0	0	0	0	0	0	0	0	0	0	0	0	0	0	0	0	0	0	0	0	0	0	0	0	0	0	0	0	0	0	0	0	0	0	0	0	0	1	1	1	0	0	0	0	0	0	0	0	0	0	0	0	0	0	0	0	0	0	0	0
jlSCF_16	8620915	8878585	7	12,13,41,54,55,56,60	0	0	0	0	0	0	0	0	0	0	0	1	1	0	0	0	0	0	0	0	0	0	0	0	0	0	0	0	0	0	0	0	0	0	0	0	0	0	0	0	1	0	0	0	0	0	0	0	0	0	0	0	0	1	1	1	0	0	0	1	0	0	0	0	0
jlSCF_16	8878585	8901478	16	8,9,10,12,13,20,31,41,43,44,45,54,55,56,60,61	0	0	0	0	0	0	0	1	1	1	0	1	1	0	0	0	0	0	0	1	0	0	0	0	0	0	0	0	0	0	1	0	0	0	0	0	0	0	0	0	1	0	1	1	1	0	0	0	0	0	0	0	0	1	1	1	0	0	0	1	1	0	0	0	0
jlSCF_16	8901478	9158112	60	1,2,3,4,5,6,7,8,9,10,11,12,13,14,15,16,17,19,20,21,23,24,25,26,27,29,30,31,33,34,36,37,38,39,40,41,42,43,44,45,46,47,48,49,50,51,52,53,54,55,56,57,58,59,60,61,62,63,64,65	1	1	1	1	1	1	1	1	1	1	1	1	1	1	1	1	1	0	1	1	1	0	1	1	1	1	1	0	1	1	1	0	1	1	0	1	1	1	1	1	1	1	1	1	1	1	1	1	1	1	1	1	1	1	1	1	1	1	1	1	1	1	1	1	1
jlSCF_16	9158112	9632335	9	8,9,10,20,31,43,44,45,61	0	0	0	0	0	0	0	1	1	1	0	0	0	0	0	0	0	0	0	1	0	0	0	0	0	0	0	0	0	0	1	0	0	0	0	0	0	0	0	0	0	0	1	1	1	0	0	0	0	0	0	0	0	0	0	0	0	0	0	0	1	0	0	0	0
jlSCF_16	9632335	9797501	25	8,9,10,14,15,16,20,23,24,25,30,31,35,39,40,42,43,44,45,51,52,53,61,62,64	0	0	0	0	0	0	0	1	1	1	0	0	0	1	1	1	0	0	0	1	0	0	1	1	1	0	0	0	0	1	1	0	0	0	1	0	0	0	1	1	0	1	1	1	1	0	0	0	0	0	1	1	1	0	0	0	0	0	0	0	1	1	0	1	0
jlSCF_16	9797501	9797502	17	14,15,16,20,23,24,25,30,35,39,40,42,51,52,53,62,64	0	0	0	0	0	0	0	0	0	0	0	0	0	1	1	1	0	0	0	1	0	0	1	1	1	0	0	0	0	1	0	0	0	0	1	0	0	0	1	1	0	1	0	0	0	0	0	0	0	0	1	1	1	0	0	0	0	0	0	0	0	1	0	1	0
jlSCF_16	9797502	9918413	34	4,5,7,14,15,16,17,18,19,20,22,23,24,25,29,30,35,39,40,42,48,49,50,51,52,53,57,58,59,60,62,63,64,65	0	0	0	1	1	0	1	0	0	0	0	0	0	1	1	1	1	1	1	1	0	1	1	1	1	0	0	0	1	1	0	0	0	0	1	0	0	0	1	1	0	1	0	0	0	0	0	1	1	1	1	1	1	0	0	0	1	1	1	1	0	1	1	1	1
jlSCF_16	9918413	10155669	13	4,5,18,20,22,29,48,49,50,60,63,64,65	0	0	0	1	1	0	0	0	0	0	0	0	0	0	0	0	0	1	0	1	0	1	0	0	0	0	0	0	1	0	0	0	0	0	0	0	0	0	0	0	0	0	0	0	0	0	0	1	1	1	0	0	0	0	0	0	0	0	0	1	0	0	1	1	1
jlSCF_16	10155669	10229257	18	4,5,18,20,22,29,43,44,45,48,49,50,54,56,60,63,64,65	0	0	0	1	1	0	0	0	0	0	0	0	0	0	0	0	0	1	0	1	0	1	0	0	0	0	0	0	1	0	0	0	0	0	0	0	0	0	0	0	0	0	1	1	1	0	0	1	1	1	0	0	0	1	0	1	0	0	0	1	0	0	1	1	1
jlSCF_16	10229257	10441720	62	1,2,3,4,5,6,7,8,9,10,11,12,13,14,15,16,17,18,19,20,21,22,23,24,25,29,30,31,32,33,34,35,36,37,38,39,40,41,42,43,44,45,46,47,48,49,50,51,52,53,54,55,56,57,58,59,60,61,62,63,64,65	1	1	1	1	1	1	1	1	1	1	1	1	1	1	1	1	1	1	1	1	1	1	1	1	1	0	0	0	1	1	1	1	1	1	1	1	1	1	1	1	1	1	1	1	1	1	1	1	1	1	1	1	1	1	1	1	1	1	1	1	1	1	1	1	1
jlSCF_16	10441720	10500190	33	1,2,3,4,5,7,8,9,10,12,13,14,15,22,31,32,33,34,41,43,44,45,46,47,54,55,56,57,58,59,61,63,65	1	1	1	1	1	0	1	1	1	1	0	1	1	1	1	0	0	0	0	0	0	1	0	0	0	0	0	0	0	0	1	1	1	1	0	0	0	0	0	0	1	0	1	1	1	1	1	0	0	0	0	0	0	1	1	1	1	1	1	0	1	0	1	0	1
jlSCF_16	10500190	10728496	16	4,5,8,9,12,13,14,31,41,54,56,57,58,59,63,65	0	0	0	1	1	0	0	1	1	0	0	1	1	1	0	0	0	0	0	0	0	0	0	0	0	0	0	0	0	0	1	0	0	0	0	0	0	0	0	0	1	0	0	0	0	0	0	0	0	0	0	0	0	1	0	1	1	1	1	0	0	0	1	0	1
jlSCF_16	10728496	10757582	14	8,9,12,13,14,31,41,54,56,57,58,59,63,65	0	0	0	0	0	0	0	1	1	0	0	1	1	1	0	0	0	0	0	0	0	0	0	0	0	0	0	0	0	0	1	0	0	0	0	0	0	0	0	0	1	0	0	0	0	0	0	0	0	0	0	0	0	1	0	1	1	1	1	0	0	0	1	0	1
jlSCF_16	10757582	10864128	18	8,9,12,13,14,16,26,27,29,31,41,54,56,57,58,59,63,65	0	0	0	0	0	0	0	1	1	0	0	1	1	1	0	1	0	0	0	0	0	0	0	0	0	1	1	0	1	0	1	0	0	0	0	0	0	0	0	0	1	0	0	0	0	0	0	0	0	0	0	0	0	1	0	1	1	1	1	0	0	0	1	0	1
jlSCF_16	11341662	11410876	7	10,42,43,44,45,54,56	0	0	0	0	0	0	0	0	0	1	0	0	0	0	0	0	0	0	0	0	0	0	0	0	0	0	0	0	0	0	0	0	0	0	0	0	0	0	0	0	0	1	1	1	1	0	0	0	0	0	0	0	0	1	0	1	0	0	0	0	0	0	0	0	0
jlSCF_16	12645148	12801581	12	6,11,14,26,27,42,54,56,57,58,59,64	0	0	0	0	0	1	0	0	0	0	1	0	0	1	0	0	0	0	0	0	0	0	0	0	0	1	1	0	0	0	0	0	0	0	0	0	0	0	0	0	0	1	0	0	0	0	0	0	0	0	0	0	0	1	0	1	1	1	1	0	0	0	0	1	0
jlSCF_16	12801581	12843763	20	6,10,11,14,20,26,27,32,33,34,36,37,38,42,54,56,57,58,59,64	0	0	0	0	0	1	0	0	0	1	1	0	0	1	0	0	0	0	0	1	0	0	0	0	0	1	1	0	0	0	0	1	1	1	0	1	1	1	0	0	0	1	0	0	0	0	0	0	0	0	0	0	0	1	0	1	1	1	1	0	0	0	0	1	0
jlSCF_16	12843763	12870010	23	6,10,11,14,20,21,26,27,28,32,33,34,36,37,38,42,54,56,57,58,59,61,64	0	0	0	0	0	1	0	0	0	1	1	0	0	1	0	0	0	0	0	1	1	0	0	0	0	1	1	1	0	0	0	1	1	1	0	1	1	1	0	0	0	1	0	0	0	0	0	0	0	0	0	0	0	1	0	1	1	1	1	0	1	0	0	1	0
jlSCF_16	12870010	12891122	62	1,2,3,4,5,6,7,8,9,10,11,12,13,14,15,16,17,18,19,20,21,22,23,24,25,26,27,28,29,30,31,32,33,34,35,36,37,38,39,40,41,42,43,44,45,46,47,51,52,53,54,55,56,57,58,59,60,61,62,63,64,65	1	1	1	1	1	1	1	1	1	1	1	1	1	1	1	1	1	1	1	1	1	1	1	1	1	1	1	1	1	1	1	1	1	1	1	1	1	1	1	1	1	1	1	1	1	1	1	0	0	0	1	1	1	1	1	1	1	1	1	1	1	1	1	1	1
jlSCF_16	12891122	13531860	65	1,2,3,4,5,6,7,8,9,10,11,12,13,14,15,16,17,18,19,20,21,22,23,24,25,26,27,28,29,30,31,32,33,34,35,36,37,38,39,40,41,42,43,44,45,46,47,48,49,50,51,52,53,54,55,56,57,58,59,60,61,62,63,64,65	1	1	1	1	1	1	1	1	1	1	1	1	1	1	1	1	1	1	1	1	1	1	1	1	1	1	1	1	1	1	1	1	1	1	1	1	1	1	1	1	1	1	1	1	1	1	1	1	1	1	1	1	1	1	1	1	1	1	1	1	1	1	1	1	1
jlSCF_16	13531860	13552246	26	1,2,3,7,10,14,15,16,18,23,24,25,32,33,34,43,44,45,54,56,57,58,59,61,62,65	1	1	1	0	0	0	1	0	0	1	0	0	0	1	1	1	0	1	0	0	0	0	1	1	1	0	0	0	0	0	0	1	1	1	0	0	0	0	0	0	0	0	1	1	1	0	0	0	0	0	0	0	0	1	0	1	1	1	1	0	1	1	0	0	1
jlSCF_16	13552246	13577766	25	1,2,3,7,10,14,15,16,23,24,25,32,33,34,43,44,45,54,56,57,58,59,61,62,65	1	1	1	0	0	0	1	0	0	1	0	0	0	1	1	1	0	0	0	0	0	0	1	1	1	0	0	0	0	0	0	1	1	1	0	0	0	0	0	0	0	0	1	1	1	0	0	0	0	0	0	0	0	1	0	1	1	1	1	0	1	1	0	0	1
jlSCF_16	13577766	13605879	11	1,2,3,10,14,15,16,57,58,59,65	1	1	1	0	0	0	0	0	0	1	0	0	0	1	1	1	0	0	0	0	0	0	0	0	0	0	0	0	0	0	0	0	0	0	0	0	0	0	0	0	0	0	0	0	0	0	0	0	0	0	0	0	0	0	0	0	1	1	1	0	0	0	0	0	1
jlSCF_16	14685184	14843132	10	1,2,3,21,43,44,45,57,58,59	1	1	1	0	0	0	0	0	0	0	0	0	0	0	0	0	0	0	0	0	1	0	0	0	0	0	0	0	0	0	0	0	0	0	0	0	0	0	0	0	0	0	1	1	1	0	0	0	0	0	0	0	0	0	0	0	1	1	1	0	0	0	0	0	0
jlSCF_16	14843132	14865407	42	1,2,3,4,5,7,10,12,13,15,16,17,19,21,22,23,24,25,35,36,37,38,39,40,41,42,43,44,45,48,49,50,51,52,53,54,55,56,57,58,59,61	1	1	1	1	1	0	1	0	0	1	0	1	1	0	1	1	1	0	1	0	1	1	1	1	1	0	0	0	0	0	0	0	0	0	1	1	1	1	1	1	1	1	1	1	1	0	0	1	1	1	1	1	1	1	1	1	1	1	1	0	1	0	0	0	0
jlSCF_16	14865407	14884187	36	1,2,3,4,5,7,10,12,13,15,16,17,19,21,22,23,24,25,35,36,37,38,39,40,41,42,48,49,50,51,52,53,54,55,56,61	1	1	1	1	1	0	1	0	0	1	0	1	1	0	1	1	1	0	1	0	1	1	1	1	1	0	0	0	0	0	0	0	0	0	1	1	1	1	1	1	1	1	0	0	0	0	0	1	1	1	1	1	1	1	1	1	0	0	0	0	1	0	0	0	0
jlSCF_16	14884187	14943406	35	1,2,3,4,5,7,10,12,13,15,16,17,19,22,23,24,25,35,36,37,38,39,40,41,42,48,49,50,51,52,53,54,55,56,61	1	1	1	1	1	0	1	0	0	1	0	1	1	0	1	1	1	0	1	0	0	1	1	1	1	0	0	0	0	0	0	0	0	0	1	1	1	1	1	1	1	1	0	0	0	0	0	1	1	1	1	1	1	1	1	1	0	0	0	0	1	0	0	0	0
jlSCF_16	14943406	15079837	28	4,5,7,10,12,13,15,16,17,19,23,24,25,35,36,37,38,39,40,41,42,51,52,53,54,55,56,61	0	0	0	1	1	0	1	0	0	1	0	1	1	0	1	1	1	0	1	0	0	0	1	1	1	0	0	0	0	0	0	0	0	0	1	1	1	1	1	1	1	1	0	0	0	0	0	0	0	0	1	1	1	1	1	1	0	0	0	0	1	0	0	0	0
jlSCF_16	15079837	15185359	29	4,5,7,10,12,13,15,16,17,19,23,24,25,35,36,37,38,39,40,41,42,51,52,53,54,55,56,61,65	0	0	0	1	1	0	1	0	0	1	0	1	1	0	1	1	1	0	1	0	0	0	1	1	1	0	0	0	0	0	0	0	0	0	1	1	1	1	1	1	1	1	0	0	0	0	0	0	0	0	1	1	1	1	1	1	0	0	0	0	1	0	0	0	1
jlSCF_16	15185359	15200487	27	4,5,7,10,12,13,15,16,17,23,24,25,36,37,38,39,40,41,42,51,52,53,54,55,56,61,65	0	0	0	1	1	0	1	0	0	1	0	1	1	0	1	1	1	0	0	0	0	0	1	1	1	0	0	0	0	0	0	0	0	0	0	1	1	1	1	1	1	1	0	0	0	0	0	0	0	0	1	1	1	1	1	1	0	0	0	0	1	0	0	0	1
jlSCF_16	15200487	15353714	1	65	0	0	0	0	0	0	0	0	0	0	0	0	0	0	0	0	0	0	0	0	0	0	0	0	0	0	0	0	0	0	0	0	0	0	0	0	0	0	0	0	0	0	0	0	0	0	0	0	0	0	0	0	0	0	0	0	0	0	0	0	0	0	0	0	1
jlSCF_16	15870311	16033835	12	6,11,14,29,31,32,33,34,35,39,40,64	0	0	0	0	0	1	0	0	0	0	1	0	0	1	0	0	0	0	0	0	0	0	0	0	0	0	0	0	1	0	1	1	1	1	1	0	0	0	1	1	0	0	0	0	0	0	0	0	0	0	0	0	0	0	0	0	0	0	0	0	0	0	0	1	0
jlSCF_16	16033835	16054505	13	4,6,11,14,29,31,32,33,34,35,39,40,64	0	0	0	1	0	1	0	0	0	0	1	0	0	1	0	0	0	0	0	0	0	0	0	0	0	0	0	0	1	0	1	1	1	1	1	0	0	0	1	1	0	0	0	0	0	0	0	0	0	0	0	0	0	0	0	0	0	0	0	0	0	0	0	1	0
jlSCF_16	16054505	16077355	15	4,6,11,14,18,22,29,31,32,33,34,35,39,40,64	0	0	0	1	0	1	0	0	0	0	1	0	0	1	0	0	0	1	0	0	0	1	0	0	0	0	0	0	1	0	1	1	1	1	1	0	0	0	1	1	0	0	0	0	0	0	0	0	0	0	0	0	0	0	0	0	0	0	0	0	0	0	0	1	0
jlSCF_16	16077355	16172957	57	1,2,4,5,6,7,8,9,10,11,12,13,14,15,17,18,19,20,21,22,23,24,25,26,27,29,30,31,32,33,34,35,36,37,38,39,40,41,42,43,44,45,46,47,51,52,53,54,55,56,57,58,59,60,62,64,65	1	1	0	1	1	1	1	1	1	1	1	1	1	1	1	0	1	1	1	1	1	1	1	1	1	1	1	0	1	1	1	1	1	1	1	1	1	1	1	1	1	1	1	1	1	1	1	0	0	0	1	1	1	1	1	1	1	1	1	1	0	1	0	1	1
jlSCF_16	16172957	16258347	50	1,2,5,6,7,10,11,12,13,14,15,17,18,19,20,21,22,23,24,25,29,30,31,32,33,34,35,36,37,38,39,40,41,42,43,44,45,46,47,51,52,53,54,55,56,57,58,59,64,65	1	1	0	0	1	1	1	0	0	1	1	1	1	1	1	0	1	1	1	1	1	1	1	1	1	0	0	0	1	1	1	1	1	1	1	1	1	1	1	1	1	1	1	1	1	1	1	0	0	0	1	1	1	1	1	1	1	1	1	0	0	0	0	1	1
jlSCF_16	16258347	16289240	18	5,6,7,11,14,15,18,20,22,29,31,35,39,40,43,44,45,64	0	0	0	0	1	1	1	0	0	0	1	0	0	1	1	0	0	1	0	1	0	1	0	0	0	0	0	0	1	0	1	0	0	0	1	0	0	0	1	1	0	0	1	1	1	0	0	0	0	0	0	0	0	0	0	0	0	0	0	0	0	0	0	1	0
jlSCF_16	16289240	16605342	16	5,6,7,11,14,15,20,29,31,35,39,40,43,44,45,64	0	0	0	0	1	1	1	0	0	0	1	0	0	1	1	0	0	0	0	1	0	0	0	0	0	0	0	0	1	0	1	0	0	0	1	0	0	0	1	1	0	0	1	1	1	0	0	0	0	0	0	0	0	0	0	0	0	0	0	0	0	0	0	1	0
jlSCF_16	16605342	16665435	24	4,5,6,7,11,14,15,20,29,31,35,36,37,38,39,40,43,44,45,48,49,50,63,64	0	0	0	1	1	1	1	0	0	0	1	0	0	1	1	0	0	0	0	1	0	0	0	0	0	0	0	0	1	0	1	0	0	0	1	1	1	1	1	1	0	0	1	1	1	0	0	1	1	1	0	0	0	0	0	0	0	0	0	0	0	0	1	1	0
jlSCF_16	16665435	16762582	23	4,5,6,7,11,14,20,29,31,35,36,37,38,39,40,43,44,45,48,49,50,63,64	0	0	0	1	1	1	1	0	0	0	1	0	0	1	0	0	0	0	0	1	0	0	0	0	0	0	0	0	1	0	1	0	0	0	1	1	1	1	1	1	0	0	1	1	1	0	0	1	1	1	0	0	0	0	0	0	0	0	0	0	0	0	1	1	0
jlSCF_16	16762582	16853797	22	4,5,6,7,11,20,29,31,35,36,37,38,39,40,43,44,45,48,49,50,63,64	0	0	0	1	1	1	1	0	0	0	1	0	0	0	0	0	0	0	0	1	0	0	0	0	0	0	0	0	1	0	1	0	0	0	1	1	1	1	1	1	0	0	1	1	1	0	0	1	1	1	0	0	0	0	0	0	0	0	0	0	0	0	1	1	0
jlSCF_16	17201724	17255073	47	1,2,4,5,6,7,10,11,14,15,16,17,18,19,21,23,24,25,29,31,32,33,34,35,36,37,38,39,40,41,42,43,44,45,48,49,50,51,52,53,54,55,56,62,63,64,65	1	1	0	1	1	1	1	0	0	1	1	0	0	1	1	1	1	1	1	0	1	0	1	1	1	0	0	0	1	0	1	1	1	1	1	1	1	1	1	1	1	1	1	1	1	0	0	1	1	1	1	1	1	1	1	1	0	0	0	0	0	1	1	1	1
jlSCF_16	17255073	17337345	50	1,2,4,5,6,7,10,11,14,15,16,17,18,19,20,21,23,24,25,29,30,31,32,33,34,35,36,37,38,39,40,41,42,43,44,45,48,49,50,51,52,53,54,55,56,61,62,63,64,65	1	1	0	1	1	1	1	0	0	1	1	0	0	1	1	1	1	1	1	1	1	0	1	1	1	0	0	0	1	1	1	1	1	1	1	1	1	1	1	1	1	1	1	1	1	0	0	1	1	1	1	1	1	1	1	1	0	0	0	0	1	1	1	1	1
jlSCF_16	17337345	17384382	52	1,2,3,4,5,6,7,10,11,14,15,16,17,18,19,20,21,22,23,24,25,29,30,31,32,33,34,35,36,37,38,39,40,41,42,43,44,45,48,49,50,51,52,53,54,55,56,61,62,63,64,65	1	1	1	1	1	1	1	0	0	1	1	0	0	1	1	1	1	1	1	1	1	1	1	1	1	0	0	0	1	1	1	1	1	1	1	1	1	1	1	1	1	1	1	1	1	0	0	1	1	1	1	1	1	1	1	1	0	0	0	0	1	1	1	1	1
jlSCF_16	17384382	17391493	51	1,2,3,4,5,6,7,10,11,14,15,16,17,18,19,20,21,22,23,24,25,29,30,31,32,33,34,35,36,37,38,39,40,41,42,43,44,45,48,49,50,51,52,53,54,55,56,61,62,63,64	1	1	1	1	1	1	1	0	0	1	1	0	0	1	1	1	1	1	1	1	1	1	1	1	1	0	0	0	1	1	1	1	1	1	1	1	1	1	1	1	1	1	1	1	1	0	0	1	1	1	1	1	1	1	1	1	0	0	0	0	1	1	1	1	0
jlSCF_16	17391493	17449778	56	1,2,3,4,5,6,7,10,11,12,13,14,15,16,17,18,19,20,21,22,23,24,25,29,30,31,32,33,34,35,36,37,38,39,40,41,42,43,44,45,48,49,50,51,52,53,54,55,56,57,58,59,61,62,63,64	1	1	1	1	1	1	1	0	0	1	1	1	1	1	1	1	1	1	1	1	1	1	1	1	1	0	0	0	1	1	1	1	1	1	1	1	1	1	1	1	1	1	1	1	1	0	0	1	1	1	1	1	1	1	1	1	1	1	1	0	1	1	1	1	0
jlSCF_16	17449778	17510331	47	1,2,3,4,10,11,12,13,14,15,16,17,18,19,20,21,22,23,24,25,29,30,31,32,33,34,35,39,40,41,42,48,49,50,51,52,53,54,55,56,57,58,59,61,62,63,64	1	1	1	1	0	0	0	0	0	1	1	1	1	1	1	1	1	1	1	1	1	1	1	1	1	0	0	0	1	1	1	1	1	1	1	0	0	0	1	1	1	1	0	0	0	0	0	1	1	1	1	1	1	1	1	1	1	1	1	0	1	1	1	1	0
jlSCF_16	17510331	17650201	44	1,2,3,4,10,12,13,14,15,16,17,18,19,20,21,23,24,25,29,30,31,32,33,34,35,39,40,41,42,48,49,50,51,52,53,54,55,56,57,58,59,61,62,64	1	1	1	1	0	0	0	0	0	1	0	1	1	1	1	1	1	1	1	1	1	0	1	1	1	0	0	0	1	1	1	1	1	1	1	0	0	0	1	1	1	1	0	0	0	0	0	1	1	1	1	1	1	1	1	1	1	1	1	0	1	1	0	1	0
jlSCF_16	17650201	17820639	38	4,10,12,13,14,15,16,17,18,19,20,21,23,24,25,29,30,31,32,33,34,35,39,40,41,42,48,49,50,51,52,53,54,56,57,58,59,61	0	0	0	1	0	0	0	0	0	1	0	1	1	1	1	1	1	1	1	1	1	0	1	1	1	0	0	0	1	1	1	1	1	1	1	0	0	0	1	1	1	1	0	0	0	0	0	1	1	1	1	1	1	1	0	1	1	1	1	0	1	0	0	0	0
